100
Particles
0 -12.3833 -28.6965 -2.02497
1 62.6449 11.5974 0.191521
2 64.1592 14.8622 -0.0482543
3 -25.8284 35.0437 2.70934
4 18.3422 44.5779 1.39217
5 -10.7379 -29.4881 -2.02497
6 -11.253 -29.5738 -2.02497
7 18.0742 44.9959 1.39217
8 -18.9607 -20.4805 -2.17338
9 -8.57096 59.3499 1.85396
10 37.1141 52.435 1.03203
11 5.29603 -35.6817 -1.61726
12 18.3964 45.1094 1.39217
13 -8.09296 58.2701 1.85396
14 18.9498 44.5153 1.39217
15 19.7436 58.4023 1.29527
16 6.1828 60.5071 1.77661
17 5.40343 60.475 1.77661
18 -35.0614 13.0097 -3.13365
19 36.0356 51.3845 1.03204
20 -33.7187 -12.4704 -2.63252
21 -3.53049 -39.0037 -1.71767
22 7.75853 -40.9459 -1.53075
23 -38.1223 25.6365 2.66752
24 52.0517 21.4698 0.401628
25 36.1937 52.2081 1.03204
26 -11.4003 -30.6043 -2.02497
27 -4.16474 -37.8731 -1.71767
28 -8.39686 59.1874 1.85396
29 -4.38885 -38.3765 -1.71767
30 48.9713 -17.5525 -0.689808
31 51.424 21.7577 0.401628
32 -36.0609 29.6653 2.63999
33 -19.3321 -21.1436 -2.17338
34 -39.2754 18.9895 2.69836
35 -27.9209 -6.38681 -2.63365
36 35.3914 52.4754 1.03204
37 36.1075 52.9546 1.03203
38 37.6996 54.0748 1.03203
39 20.6457 58.5195 1.29527
40 -7.69082 59.1563 1.85396
41 4.63231 -36.7163 -1.61726
42 -12.1284 -29.5988 -2.02497
43 -19.5878 -21.4839 -2.17338
44 35.4219 53.4294 1.03203
45 20.8522 58.1858 1.29527
46 31.3635 50.4049 1.09642
47 18.8777 45.3153 1.39217
48 -8.22817 43.6386 2.24929
49 5.40336 60.4904 1.77661
50 7.02485 -42.3358 -1.53075
51 36.8241 53.3696 1.03203
52 5.81899 60.8962 1.77661
53 -7.0563 61.2364 1.845
54 37.0041 53.1962 1.03203
55 -27.7516 -5.80119 -2.63365
56 22.4061 -38.0499 -1.5126
57 37.1876 53.2923 1.03203
58 6.48434 60.9558 1.77661
59 -4.15626 -39.3015 -1.71767
60 -11.0306 -29.4747 -2.02497
61 -35.1312 12.3373 -3.13365
62 -38.0295 26.5597 2.66752
63 35.2039 51.5412 1.03204
64 32.3531 50.48 1.09642
65 -10.8258 -30.1304 -2.02497
66 -36.1678 42.4609 2.58822
67 -37.2712 25.9872 2.66752
68 -10.3221 -29.8216 -2.02497
69 7.29023 -40.9464 -1.53075
70 6.73227 -41.4346 -1.53075
71 -6.94888 58.2071 1.85396
72 18.4685 43.6655 1.39217
73 -3.52705 -38.4869 -1.71767
74 51.5455 22.0493 0.401628
75 -19.8101 -20.1534 -2.17338
76 17.838 45.3609 1.39217
77 -3.87194 -39.4007 -1.71767
78 -16.2943 53.9974 1.97642
79 -16.8162 53.5216 1.97642
80 35.329 50.7612 1.03204
81 52.4463 21.6817 0.401628
82 6.25478 60.0976 1.77661
83 34.6681 50.4717 1.03204
84 17.3784 44.5672 1.39217
85 -19.5515 -20.2474 -2.17338
86 36.4242 53.8798 1.03203
87 18.6825 45.5974 1.39217
88 4.75785 -35.7562 -1.61726
89 -35.5759 29.642 2.63999
90 55.5274 35.923 0.595294
91 -8.52214 57.9183 1.85396
92 4.67026 -36.2505 -1.61726
93 -16.8897 53.5361 1.97642
94 3.9542 -36.2801 -1.61726
95 -9.20464 59.0195 1.85396
96 -7.53127 58.0579 1.85396
97 36.6914 50.7073 1.03204
98 -11.7157 -29.8309 -2.02497
99 -7.66688 60.5899 1.845
