100
Particles
0 13.959 6.04016 2.20145
1 14.7655 16.5539 1.51415
2 16.2184 0.198246 -1.36282
3 12.9173 8.57945 0.100122
4 10.7921 9.16908 -2.25763
5 2.94649 13.8581 -2.48483
6 -0.0480333 5.53918 -1.86791
7 10.814 20.1386 0.984563
8 9.85782 8.5171 -1.35867
9 11.8917 5.04471 -1.88574
10 12.7448 2.48342 -2.46376
11 7.71239 19.6002 0.422299
12 8.66921 17.929 -1.689
13 20.3197 5.82146 1.57839
14 4.75642 20.1831 -2.44231
15 22.9004 13.9395 -1.95039
16 2.54504 3.35053 -1.03705
17 16.9696 19.2596 -2.36192
18 -0.857512 19.4263 3.0796
19 7.5444 9.15229 -2.22226
20 8.54429 7.23794 -0.0643118
21 19.0317 20.6679 -1.60797
22 13.6271 11.6296 -1.09697
23 5.91491 1.21497 1.1693
24 -0.255307 9.67358 -2.72318
25 3.90385 8.988 1.48512
26 0.540489 8.47298 2.2066
27 15.7846 13.8335 -1.11626
28 12.2389 10.0078 -3.05498
29 -1.25787 12.9881 1.78268
30 10.5026 8.72217 2.35163
31 1.77032 9.14194 0.534069
32 7.56082 10.1429 -1.6899
33 8.91972 19.6061 -0.589752
34 17.0877 14.4206 -2.71745
35 3.69143 6.30226 2.46764
36 20.8515 10.3298 -0.382766
37 8.28927 15.917 -0.20202
38 6.69498 0.913796 1.44339
39 2.55766 16.6288 0.312578
40 6.92051 22.555 -0.338467
41 23.3709 3.43537 -1.21725
42 9.29735 6.67228 -0.550173
43 -1.97828 11.7311 -2.23482
44 19.6455 4.19745 -1.32807
45 2.2198 8.41852 -0.538009
46 11.5345 4.25101 -1.93181
47 11.2784 16.656 -2.93225
48 5.32179 19.8125 0.765723
49 20.1272 7.78604 0.923999
50 12.1182 5.44633 -1.84007
51 14.1395 3.28375 0.358084
52 1.35388 20.6285 1.46976
53 2.84152 14.6361 1.31185
54 5.59425 24.1164 2.92316
55 2.73825 7.58457 2.63494
56 7.04062 12.9833 0.485831
57 11.5 10.0592 -1.43361
58 15.0917 9.41232 -1.01117
59 12.5014 22.5959 2.75555
60 10.6498 16.9407 -2.94987
61 13.9722 14.3678 1.57888
62 5.21703 5.66214 0.814119
63 1.87142 10.7638 2.63127
64 9.31169 9.89945 -3.08676
65 13.5728 15.8547 -2.75958
66 13.4321 12.6794 1.01712
67 10.1279 8.25585 -1.38509
68 15.9054 16.7422 -0.627153
69 8.53761 15.6597 2.70478
70 18.0981 23.236 2.05965
71 16.0032 7.81773 -1.23647
72 13.4251 19.3033 -1.37618
73 5.24058 16.1037 -0.693541
74 15.3704 3.97628 1.14809
75 6.59749 5.36477 -0.844498
76 7.40205 6.76773 -2.96599
77 13.2787 16.4256 -2.44192
78 8.1208 17.676 1.3116
79 4.83965 17.3584 1.14361
80 17.851 14.7675 -2.64825
81 2.26718 11.156 1.1945
82 5.35921 11.1115 -0.883592
83 4.48613 6.3801 1.53043
84 7.20742 10.7707 -2.8528
85 12.8218 2.1409 -0.43115
86 1.77609 4.88197 0.298443
87 12.4557 4.27548 3.09396
88 15.7911 19.9947 -1.84682
89 8.36824 8.85123 2.41271
90 18.933 8.19859 2.3257
91 6.23986 10.899 3.1234
92 18.5695 9.24687 -0.543609
93 17.3786 8.06081 -2.3316
94 3.92706 8.62276 -1.17411
95 17.1131 6.89634 1.43185
96 12.1493 0.138754 -0.743602
97 6.74049 -0.164066 -3.41866
98 8.32668 19.7499 2.13
99 13.5009 10.0636 -1.9907
