100
Particles
0 13.0061 6.29768 -1.02094
1 12.7582 17.0557 -2.60373
2 14.2536 2.10022 -2.50337
3 9.0385 6.62142 1.47664
4 11.5869 10.0301 -0.247445
5 3.19211 13.7332 2.88276
6 -0.855884 4.93575 -2.61449
7 10.7167 20.8242 -3.03459
8 9.04511 10.2901 -1.24766
9 11.9803 3.65666 0.284113
10 13.8931 1.39426 2.51094
11 8.27671 19.9574 0.205476
12 9.87813 17.5612 -2.86042
13 16.9287 4.63735 0.559701
14 3.62815 19.9904 -1.63052
15 23.3551 13.6027 1.11352
16 1.96482 2.8897 -0.420496
17 18.076 15.7701 1.12676
18 0.696108 19.3043 -1.15486
19 8.5957 8.00688 -1.4178
20 7.52206 5.58263 -3.05914
21 20.2397 21.7523 -0.723528
22 12.7408 11.6777 3.06924
23 5.72373 1.29499 -0.840348
24 -1.513 10.0401 -1.59142
25 3.15361 7.98861 2.13576
26 1.72056 8.50716 2.54719
27 17.9369 14.1704 2.42431
28 13.1041 7.24419 2.45305
29 0.523693 12.2146 -0.590804
30 10.764 7.79421 2.36014
31 1.4425 10.2383 1.5114
32 9.43713 10.4517 0.362953
33 5.88354 19.6127 1.82354
34 16.2095 16.7825 0.974093
35 3.4375 6.44985 1.78333
36 19.4099 8.96944 -1.27536
37 9.93287 17.7969 -1.05263
38 5.06614 4.23302 -0.532144
39 4.56488 15.6969 2.25603
40 5.2004 21.1831 1.50958
41 21.4392 2.10287 0.0853167
42 10.0263 8.82129 2.48801
43 -0.0687045 12.8951 -0.258808
44 19.0105 6.95988 -0.862503
45 2.19426 9.00755 0.162401
46 11.1118 4.38025 -1.36176
47 9.85029 17.2821 -2.25084
48 4.70828 17.5543 3.05875
49 18.2083 5.77001 -1.3049
50 9.3794 4.72866 2.27334
51 13.8529 4.03797 -0.324296
52 -0.328923 20.1437 2.35355
53 3.11737 15.4418 -0.528959
54 6.25327 22.8316 1.11534
55 4.77329 7.8455 -0.528988
56 8.3934 11.2314 2.0905
57 10.042 12.6608 -3.12535
58 15.3837 10.2121 0.483951
59 13.3574 20.2893 1.30405
60 13.0664 17.1858 1.06017
61 12.1161 12.6832 -1.65577
62 3.58107 6.90583 -1.64499
63 3.20475 8.53021 1.64669
64 10.4918 9.82348 0.687753
65 12.6917 15.5295 0.906506
66 13.4372 12.596 2.27224
67 10.1958 8.00432 -0.756111
68 15.9906 15.6787 -2.76832
69 10.2127 14.7299 -0.551759
70 19.014 22.6415 -0.568854
71 17.8513 7.43949 -3.02464
72 13.2798 16.8859 2.8735
73 4.46014 18.5548 -0.659311
74 16.2401 5.80687 2.83249
75 5.00778 4.3271 -0.119246
76 7.72986 3.6613 0.88309
77 10.1921 16.1293 -0.886306
78 8.16726 17.8764 0.866554
79 4.20375 18.5346 -1.32716
80 18.3117 15.5556 2.0303
81 6.34603 8.49333 -1.86035
82 5.85801 12.2075 0.0703498
83 3.14611 6.58555 -2.03669
84 6.15584 9.34575 -2.26572
85 11.6137 2.20829 0.876547
86 0.365442 4.07102 2.26625
87 13.4362 2.72638 -1.83093
88 15.9993 20.2233 1.41788
89 8.99093 9.48614 -2.13532
90 18.3456 7.4889 -0.209055
91 7.29671 10.3095 -3.0434
92 17.2227 8.927 -2.99042
93 15.8242 11.3268 2.63321
94 2.08829 6.13935 1.32634
95 16.0861 7.64812 -0.869875
96 12.1756 -0.842827 -1.19051
97 5.85462 -1.12602 0.89984
98 8.86967 19.8491 2.71086
99 14.3377 8.34726 -0.0489737
