100
Particles
0 12.9378 7.0602 -1.63522
1 12.9147 16.8276 -2.53385
2 13.8766 2.08689 1.04698
3 9.50997 6.06531 2.2012
4 11.4753 10.2388 0.985681
5 3.55046 13.9071 -0.520713
6 -0.860507 5.24647 -2.82506
7 10.3792 21.062 1.98495
8 8.8195 9.36647 0.475848
9 11.3474 3.18054 2.567
10 13.215 0.939198 0.18377
11 8.85213 19.653 2.59196
12 9.60695 17.3813 -0.985961
13 15.7666 5.04758 1.69447
14 3.22501 18.8682 -0.0750059
15 22.2905 13.4621 0.448066
16 1.02879 3.73883 2.70457
17 17.7122 14.9274 -1.12538
18 0.231809 18.9275 -1.53169
19 9.33384 8.58622 1.91784
20 7.2732 5.60722 0.848425
21 19.6962 21.2204 -2.60837
22 12.6007 11.4672 1.55052
23 6.49606 2.04117 -0.606237
24 -1.28862 9.83191 -2.98702
25 3.06577 7.92216 -1.75905
26 1.25586 7.92524 -2.55933
27 17.8542 14.0238 -0.867437
28 13.5238 7.37372 -2.62924
29 0.259516 11.8615 -2.9074
30 10.9799 7.84807 -2.92146
31 1.092 9.19057 3.08727
32 9.53839 10.4785 0.021053
33 6.5527 19.2961 -1.2559
34 15.4114 16.8467 0.332004
35 4.09354 6.48744 0.980456
36 19.8202 9.57477 2.31218
37 10.8007 18.2895 -1.38996
38 4.29348 4.62475 0.927844
39 4.78143 15.0489 0.786496
40 5.04427 20.7425 2.33398
41 20.2906 2.34489 0.545858
42 10.6542 8.22566 -2.83724
43 0.00773639 12.8033 2.15572
44 18.3421 7.18559 -2.04358
45 2.00177 9.56367 -1.50942
46 10.6376 4.69469 0.894355
47 10.1481 17.2903 1.00148
48 5.62706 17.4159 -2.27426
49 17.2485 4.93625 2.2912
50 10.5064 5.00823 1.85947
51 12.4402 3.68664 -1.84684
52 0.5281 20.0232 -2.82498
53 2.11897 16.2288 0.616126
54 7.05021 22.7908 0.206348
55 4.52342 7.83267 -0.503381
56 7.39777 10.5903 -3.09749
57 10.6638 13.474 -1.76111
58 14.7536 10.4451 -1.68242
59 13.6201 19.6481 -2.74499
60 12.1917 16.4897 0.691509
61 11.893 13.5603 0.524006
62 4.1842 6.72731 2.41971
63 2.16163 8.47851 -0.785654
64 10.8171 9.88472 -1.52752
65 12.179 15.4851 0.757202
66 13.742 12.0031 0.623793
67 10.8606 7.85971 0.346749
68 15.5059 15.4183 2.88832
69 10.0445 14.7735 -2.15883
70 18.3265 22.0831 2.86834
71 18.5477 7.56761 2.5097
72 13.8311 16.3367 3.07778
73 4.65423 18.3834 -2.96066
74 16.3312 6.05657 -2.66267
75 4.91163 3.57411 2.47938
76 7.76616 3.03218 -0.183346
77 10.0882 15.8841 1.8783
78 8.34949 18.0671 -2.78802
79 4.34389 18.4353 -0.478644
80 18.4931 15.0074 0.531341
81 5.79364 9.73525 0.192069
82 6.11712 11.8087 -2.29209
83 3.22334 7.19364 -2.38985
84 6.45528 9.35011 0.45016
85 11.3998 2.3059 0.179043
86 0.802091 4.53034 0.0508495
87 13.422 4.06546 -2.67183
88 15.34 19.3968 2.34437
89 10.1316 10.2359 0.268265
90 18.7164 7.22296 2.48965
91 8.38623 10.3813 -0.618578
92 17.7878 9.60537 -0.490326
93 15.7738 11.2109 0.74807
94 1.61579 6.44491 -2.96219
95 16.327 8.08739 0.890903
96 11.4957 -0.321803 0.757963
97 5.31278 -1.35363 -1.376
98 8.46758 19.7163 0.284934
99 14.602 8.51179 -1.53578
