100
Particles
0 13.2321 6.81987 0.719655
1 13.249 17.2829 0.876011
2 14.5048 2.2446 -0.00265288
3 9.00912 6.21351 2.45645
4 11.8658 10.3529 0.276931
5 3.18291 13.6631 -3.07942
6 -1.36414 5.15639 -2.55165
7 10.6489 20.7324 -1.15201
8 8.75499 10.224 1.84212
9 11.19 2.93052 -0.762897
10 13.5802 1.53631 2.17397
11 8.30818 19.509 2.65755
12 9.39571 18.0494 1.66089
13 16.573 4.98998 0.566659
14 3.32562 19.7062 1.55599
15 22.7727 14.002 1.66728
16 1.2072 3.18175 -1.16055
17 18.0866 15.2113 3.13084
18 0.630561 19.3499 2.41785
19 9.03077 8.53414 -0.841415
20 7.33672 5.44298 3.04352
21 19.6438 21.7447 -2.29782
22 12.6064 11.2901 0.311184
23 6.36767 1.59953 2.66187
24 -1.89884 9.97728 -1.92465
25 3.45108 7.89359 0.232404
26 1.60919 8.04662 -0.31186
27 17.6835 13.8219 -0.767376
28 13.3725 7.33629 -2.08249
29 -0.120401 12.1398 -2.32564
30 11.1104 7.52024 -0.789182
31 1.57723 9.50077 -1.16104
32 9.21456 10.2118 -2.55157
33 6.63814 18.9847 -0.852374
34 15.9319 16.3799 -0.830144
35 3.70838 6.62415 0.829624
36 19.5537 9.24854 -1.55198
37 10.3354 18.2923 2.54361
38 4.48654 4.30309 1.95758
39 4.77396 15.4778 1.78221
40 5.02765 21.0747 0.822292
41 21.1518 1.88108 -0.388461
42 10.0199 8.48545 2.63888
43 -0.326294 12.8978 1.84614
44 18.9936 7.14059 0.336497
45 1.86343 9.36352 -1.10078
46 11.3235 4.9563 0.503167
47 9.6031 17.062 -2.24969
48 5.30884 17.7257 2.9111
49 17.6801 5.4061 1.87137
50 10.3462 4.97707 -2.87426
51 12.8174 4.05925 -0.96113
52 -0.0934559 19.9077 2.77649
53 2.59416 16.1078 0.799723
54 6.23448 22.3121 -2.87616
55 4.47525 7.74075 0.928182
56 8.04928 10.942 1.44229
57 10.2783 13.234 -0.836007
58 15.1605 10.4506 0.121513
59 13.7563 20.2189 0.84371
60 12.5205 16.8211 1.2686
61 11.7996 13.0675 -2.04253
62 4.02881 6.82662 -2.39697
63 2.70278 8.17271 0.533576
64 11.2253 9.91859 -0.604518
65 12.0765 15.2694 0.964005
66 13.4408 12.3788 1.27006
67 10.4587 8.0611 2.21201
68 15.8775 16.097 1.091
69 9.93603 14.803 -1.77893
70 18.9251 22.6888 1.37608
71 18.5497 7.28351 -2.91047
72 13.7039 16.5274 2.35943
73 4.7547 18.5459 -0.293098
74 16.3259 5.71964 -2.50576
75 4.99154 3.89555 -0.0407896
76 7.64866 3.48626 -1.49197
77 9.94295 15.6951 -2.15168
78 8.19568 18.0082 0.404072
79 3.64694 18.8603 2.70796
80 18.7392 15.0719 1.30671
81 6.0401 9.18568 0.173246
82 6.10385 12.048 1.46902
83 3.36049 7.1135 -1.65519
84 6.24758 9.14147 -1.49251
85 11.4964 2.53593 0.69975
86 0.549905 4.17642 -0.254329
87 13.8456 3.33982 -1.02408
88 15.7158 19.661 0.751562
89 9.74548 9.92187 0.673243
90 18.4416 7.67974 2.17974
91 7.98979 10.5609 0.822123
92 17.6104 9.53388 2.42782
93 15.7282 10.7903 -0.0522729
94 1.37975 6.15387 2.13403
95 16.056 7.75242 -1.65153
96 11.7141 -0.579935 -1.723
97 5.31373 -0.826868 -0.24541
98 8.59264 19.6018 -2.17989
99 14.081 8.36084 3.02964
