100
Particles
0 13.0441 6.65509 -1.27894
1 13.089 17.0908 1.44206
2 14.2548 2.24526 0.107152
3 9.2027 6.05531 -1.75896
4 11.6253 10.2846 -2.63728
5 3.43243 13.6787 1.64252
6 -1.15639 5.29547 3.07529
7 10.5472 20.9608 -0.488769
8 8.82199 9.98313 0.683459
9 11.0093 3.10328 2.7111
10 13.7221 1.33043 1.43055
11 8.52946 19.3927 2.21356
12 9.41821 17.8004 2.92792
13 16.3621 4.85578 -0.7238
14 3.32192 19.4562 1.74301
15 22.7968 13.7531 -0.0966696
16 1.10749 3.41101 -1.42788
17 18.3366 15.2086 0.043512
18 0.817894 19.1843 0.354051
19 8.86417 8.72054 -3.10247
20 7.58552 5.4185 -1.42693
21 19.81 21.9315 1.08086
22 12.3684 11.2136 -2.24107
23 6.58945 1.48415 -1.93174
24 -1.81221 10.2118 2.27784
25 3.2078 7.83601 -0.487104
26 1.37125 8.12332 0.0426301
27 17.5036 13.9955 3.0541
28 13.4949 7.55427 1.60442
29 0.0508922 12.3219 2.24828
30 10.9343 7.69769 -2.57294
31 1.47763 9.73007 1.38924
32 9.42229 10.3509 -1.65822
33 6.47359 19.1729 -2.64992
34 15.7632 16.5644 -2.17592
35 3.5396 6.43973 -2.34425
36 19.549 9.4985 -2.24022
37 10.542 18.1516 -1.28549
38 4.58084 4.07156 -0.341319
39 4.82642 15.2334 1.13475
40 4.85751 20.8915 0.726156
41 20.9204 1.97577 -0.536381
42 10.239 8.36499 -2.0001
43 -0.258325 12.6572 -1.9868
44 18.7577 7.05804 -0.586455
45 1.75021 9.58641 3.0509
46 11.1045 4.83575 1.63159
47 9.76009 17.2565 -2.4977
48 5.55223 17.6686 -0.813263
49 17.7541 5.16731 1.5007
50 10.5873 5.04311 -2.22836
51 12.6742 4.26421 0.316212
52 0.140066 19.8185 -2.02893
53 2.41993 15.9285 -0.887571
54 6.47572 22.3777 -2.3694
55 4.32543 7.54062 2.70132
56 8.01724 10.694 0.700182
57 10.1107 13.4195 2.13821
58 14.9124 10.4203 -2.86799
59 13.5901 20.0321 1.67526
60 12.4461 16.5824 -1.52672
61 11.9132 13.2902 -1.3769
62 4.21264 6.99604 -1.09605
63 2.48753 8.04556 -2.09092
64 11.0196 10.0607 1.79023
65 11.9339 15.0641 -3.13732
66 13.3668 12.1401 2.2635
67 10.6083 7.86076 -0.201531
68 15.7621 15.8752 0.071426
69 9.98769 15.0476 2.81007
70 18.8767 22.4435 -0.132533
71 18.7931 7.34078 1.1957
72 13.8813 16.3512 2.54674
73 4.51536 18.6181 2.3403
74 16.527 5.86811 -2.50459
75 4.74175 3.90574 0.587949
76 7.62897 3.73548 1.37379
77 10.0801 15.9041 0.926601
78 7.96582 17.9099 -1.92734
79 3.8738 18.7552 -2.93944
80 18.6739 14.8306 -0.572864
81 5.79384 9.14259 -2.30217
82 6.07845 11.7993 1.46889
83 3.38156 7.36261 1.77166
84 6.22803 9.39071 -2.31826
85 11.3052 2.37492 2.19055
86 0.307947 4.23932 2.71004
87 13.7157 3.55338 -1.98385
88 15.5331 19.4903 -1.12465
89 9.55002 9.76599 -2.57275
90 18.5846 7.47468 2.01453
91 7.81963 10.3777 -2.76567
92 17.7994 9.37021 2.4209
93 15.4785 10.8033 2.90429
94 1.51323 5.94249 -1.37646
95 16.0762 8.00161 -3.12055
96 11.752 -0.332826 0.296615
97 5.07122 -0.766129 1.83752
98 8.73567 19.8068 1.46564
99 14.3295 8.33292 -0.478828
