100
Particles
0 13.7457 5.76828 -1.87539
1 15.1803 16.2387 -1.83778
2 16.3533 0.545564 0.203438
3 12.8228 8.44315 1.79878
4 10.3948 8.86338 -2.23029
5 2.1347 13.8087 -2.75648
6 0.115366 5.12467 -0.36821
7 11.2002 20.3288 -2.58707
8 9.2248 9.00368 2.46975
9 11.3172 5.22496 1.63292
10 12.2141 2.98928 2.31997
11 8.10743 19.9269 -1.29708
12 9.04652 17.9121 1.14219
13 20.6989 6.18181 -0.645959
14 4.24499 19.893 1.9756
15 22.6955 13.9157 -2.70083
16 1.29956 2.9514 -2.46941
17 16.6557 19.1073 -2.873
18 -0.418305 19.7786 0.32549
19 7.62756 9.30961 -1.35671
20 8.63056 7.66277 1.78939
21 18.527 20.6489 -2.98089
22 13.6095 11.1581 -0.432564
23 6.63673 1.03601 -3.19926
24 0.30858 10.1927 -2.26522
25 3.13552 9.71635 1.35447
26 1.05042 8.42469 -0.490365
27 15.0755 13.9982 -3.06108
28 12.5472 10.1713 -2.77301
29 -1.42941 12.9235 -2.41376
30 10.0733 9.13955 1.08537
31 1.22268 8.89736 2.69099
32 7.6643 10.1212 -2.8213
33 9.25047 19.6349 2.61522
34 17.3114 14.0051 -1.63689
35 4.36258 6.16075 -0.0266163
36 20.332 10.822 2.57585
37 8.02048 16.6099 1.34887
38 7.79144 0.7911 -2.2105
39 1.41087 16.5722 -2.97713
40 6.45999 22.4938 -2.43283
41 23.2277 3.35261 -0.591972
42 9.39177 7.38315 -0.0246865
43 -2.52887 11.7453 2.86602
44 20.2706 4.09164 1.05545
45 2.80483 8.40203 -0.43912
46 11.8666 4.10368 0.0686566
47 11.0777 15.776 -2.07834
48 5.65111 19.9723 -0.564512
49 20.4215 7.83187 -0.801462
50 11.8768 5.28532 -2.32109
51 13.3584 3.23788 -2.09493
52 0.822358 20.4768 0.265537
53 3.59584 13.8108 -1.22019
54 5.09777 24.182 1.85885
55 2.99927 7.55776 0.42487
56 7.14542 13.5046 -0.310223
57 12.0688 9.34077 -0.581925
58 14.65 8.75047 -1.05331
59 12.4686 22.238 -0.47829
60 10.2196 16.6058 -2.01966
61 14.1265 14.1358 1.23461
62 5.3499 4.85265 -0.677677
63 1.85832 11.2476 1.1947
64 9.08515 9.87242 0.449703
65 13.3834 14.9998 -2.62773
66 13.0598 12.8402 3.04917
67 10.231 8.72685 -0.574915
68 15.2535 15.9497 -2.18471
69 8.98064 16.4015 1.09578
70 18.6203 23.147 1.71449
71 17.2061 7.83363 -0.217446
72 13.0162 19.5173 -0.783277
73 5.1665 15.5793 2.4264
74 15.8995 4.36021 1.26216
75 6.31798 5.14323 -2.43605
76 7.48684 6.44784 -2.01827
77 13.7362 15.7189 -0.32165
78 8.52422 17.5751 0.584011
79 4.52705 17.4113 2.1114
80 18.016 14.9377 0.938034
81 1.32193 11.1921 -2.11292
82 5.32034 10.7643 0.948247
83 4.34929 7.068 0.710981
84 6.9789 11.1291 -1.13745
85 12.1888 2.28356 -2.8268
86 2.3496 5.35918 1.57521
87 12.4496 4.45087 -2.04801
88 16.1993 19.501 0.394053
89 7.93642 9.33352 2.52786
90 19.3884 8.02032 -1.56696
91 6.86058 10.309 -2.20912
92 19.0213 9.38434 1.24911
93 17.3958 8.65528 0.608159
94 4.08683 8.69678 -0.974638
95 17.3131 7.74694 0.659904
96 12.3984 -0.00705052 0.807162
97 7.10649 -0.197697 -0.283576
98 7.65193 19.566 -3.10012
99 14.0468 10.1163 -1.59765
