100
Particles
0 -8.43487 -20.6089 -2.02497
1 53.8094 9.88418 0.191521
2 55.1696 15.2963 -0.0482543
3 -17.6561 31.2735 2.70934
4 16.7431 35.7211 1.39217
5 -6.78946 -21.4005 -2.02497
6 -7.30452 -21.4862 -2.02497
7 16.4751 36.1391 1.39217
8 -13.8597 -13.0657 -2.17338
9 -6.05645 50.7083 1.85396
10 32.4964 44.7099 1.03202
11 5.71408 -26.6914 -1.61726
12 16.7973 36.2527 1.39217
13 -5.57845 49.6285 1.85396
14 17.3507 35.6585 1.39217
15 17.2952 49.7418 1.29527
16 8.02203 51.6971 1.77661
17 7.24266 51.6649 1.77661
18 -26.0617 13.0812 -3.13365
19 31.418 43.6594 1.03207
20 -25.8599 -8.0841 -2.63252
21 -2.21335 -30.1006 -1.71767
22 7.39822 -31.9531 -1.53075
23 -30.1149 21.5279 2.66752
24 43.7679 17.9515 0.401628
25 31.576 44.483 1.03204
26 -7.45178 -22.5167 -2.02497
27 -2.84761 -28.97 -1.71767
28 -5.88235 50.5458 1.85396
29 -3.07172 -29.4734 -1.71767
30 42.029 -11.825 -0.689808
31 43.1401 18.2394 0.401628
32 -28.1696 25.3378 2.63999
33 -14.2311 -13.7287 -2.17338
34 -31.1451 15.1297 2.69836
35 -20.0572 -2.00941 -2.63365
36 30.7738 44.7503 1.03204
37 31.4898 45.2295 1.03203
38 33.0819 46.3498 1.03201
39 18.1973 49.859 1.29527
40 -5.17631 50.5147 1.85396
41 5.05036 -27.726 -1.61726
42 -8.17989 -21.5112 -2.02497
43 -14.4868 -14.0691 -2.17338
44 30.8043 45.7043 1.03203
45 18.4037 49.5252 1.29527
46 27.2524 42.3987 1.09642
47 17.2786 36.4585 1.39217
48 -2.57961 36.6319 2.24929
49 7.24259 51.6803 1.77661
50 6.66455 -33.343 -1.53075
51 32.2064 45.6446 1.03202
52 7.65822 52.0861 1.77661
53 -4.61931 52.5726 1.845
54 32.3863 45.4711 1.03202
55 -19.8879 -1.42378 -2.63365
56 21.8826 -29.0652 -1.5126
57 32.5699 45.5672 1.03201
58 8.32357 52.1457 1.77661
59 -2.83913 -30.3984 -1.71767
60 -7.08212 -21.3871 -2.02497
61 -26.1315 12.4088 -3.13365
62 -30.0221 22.451 2.66752
63 30.5863 43.816 1.03206
64 28.242 42.4738 1.09642
65 -6.87736 -22.0428 -2.02497
66 -28.511 37.7309 2.58822
67 -29.2637 21.8786 2.66752
68 -6.37365 -21.734 -2.02497
69 6.92992 -31.9536 -1.53075
70 6.37196 -32.4418 -1.53075
71 -4.43437 49.5655 1.85396
72 16.8694 34.8087 1.39217
73 -2.20991 -29.5838 -1.71767
74 43.2617 18.5311 0.401628
75 -14.7092 -12.7385 -2.17338
76 16.2389 36.5041 1.39217
77 -2.5548 -30.4976 -1.71767
78 -12.743 45.7276 1.97642
79 -13.2648 45.2519 1.97642
80 30.7115 43.0361 1.03208
81 44.1625 18.1634 0.401628
82 8.09401 51.2876 1.77661
83 30.0506 42.7465 1.03208
84 15.7793 35.7104 1.39217
85 -14.4505 -12.8326 -2.17338
86 31.8065 46.1547 1.03202
87 17.0834 36.7406 1.39217
88 5.1759 -26.7659 -1.61726
89 -27.6846 25.3144 2.63999
90 48.0755 30.8762 0.595294
91 -6.00763 49.2767 1.85396
92 5.08832 -27.2602 -1.61726
93 -13.3384 45.2664 1.97642
94 4.37225 -27.2899 -1.61726
95 -6.69013 50.3779 1.85396
96 -5.01676 49.4163 1.85396
97 32.0738 42.9821 1.03207
98 -7.76726 -21.7433 -2.02497
99 -5.22988 51.9262 1.845
