100
Particles
0 -2.07375 -7.57868 -2.02449
1 39.5746 7.12408 0.191521
2 40.6865 15.9958 -0.0482543
3 -4.48976 25.1992 2.70934
4 14.1668 21.4518 1.39217
5 -0.427958 -8.37048 -2.02506
6 -0.943072 -8.45616 -2.02498
7 13.8988 21.8698 1.39217
8 -5.64148 -1.11954 -2.17338
9 -2.0058 36.7856 1.8536
10 25.051 32.2674 1.02956
11 6.38762 -12.2071 -1.61726
12 14.2209 21.9834 1.39217
13 -1.52714 35.706 1.85406
14 14.7743 21.3892 1.39217
15 13.3504 35.7887 1.29527
16 10.9852 37.5031 1.77661
17 10.2059 37.4709 1.77661
18 -11.5621 13.1964 -3.13365
19 23.9899 31.2066 1.0369
20 -13.1986 -1.01724 -2.63252
21 -0.0913027 -15.7567 -1.71767
22 6.81773 -17.4648 -1.53074
23 -17.214 14.9084 2.66752
24 30.4217 12.2832 0.401628
25 24.1377 32.0363 1.03257
26 -1.09031 -9.48662 -2.02501
27 -0.725558 -14.6262 -1.71767
28 -1.83156 36.6231 1.85369
29 -0.94967 -15.1295 -1.71767
30 30.8441 -2.59737 -0.689808
31 29.794 12.5711 0.401628
32 -15.4559 18.3657 2.63999
33 -6.01286 -1.7826 -2.17338
34 -18.0462 8.91126 2.69836
35 -7.38783 5.04307 -2.63365
36 23.3364 32.303 1.03299
37 24.0469 32.7856 1.0306
38 25.6326 33.9096 1.02788
39 14.2525 35.9059 1.29527
40 -1.12545 36.5921 1.85374
41 5.72389 -13.2417 -1.61726
42 -1.81861 -8.48108 -2.02473
43 -6.26856 -2.12294 -2.17338
44 23.3641 33.2587 1.03176
45 14.459 35.5722 1.29527
46 20.629 29.4998 1.09642
47 14.7022 22.1892 1.39217
48 6.52084 25.3433 2.24929
49 10.2058 37.4863 1.77661
50 6.08407 -18.8546 -1.53076
51 24.7598 33.2027 1.02906
52 10.6214 37.8921 1.77661
53 -0.69304 38.6143 1.845
54 24.9398 33.0293 1.02906
55 -7.21854 5.6287 -2.63365
56 21.0392 -14.5897 -1.5126
57 25.1222 33.1261 1.02857
58 11.2868 37.9517 1.77661
59 -0.717075 -16.0546 -1.71767
60 -0.720634 -8.35707 -2.02504
61 -11.632 12.524 -3.13365
62 -17.1212 15.8315 2.66752
63 23.1576 31.3636 1.03663
64 21.6186 29.5749 1.09642
65 -0.515872 -9.01277 -2.02504
66 -16.175 30.1103 2.58822
67 -16.3629 15.2591 2.66752
68 -0.0121503 -8.70399 -2.02506
69 6.34943 -17.4652 -1.53075
70 5.79148 -17.9534 -1.53076
71 -0.381872 35.6433 1.8549
72 14.293 20.5394 1.39217
73 -0.0878636 -15.2399 -1.71767
74 29.9155 12.8628 0.401628
75 -6.4909 -0.79241 -2.17338
76 13.6626 22.2348 1.39217
77 -0.432752 -16.1537 -1.71767
78 -7.02147 32.4042 1.97642
79 -7.54329 31.9285 1.97642
80 23.287 30.5811 1.03848
81 30.8163 12.4951 0.401628
82 11.0572 37.0936 1.77661
83 22.6292 30.2897 1.03977
84 13.203 21.4411 1.39217
85 -6.23223 -0.886459 -2.17338
86 24.3599 33.713 1.02901
87 14.507 22.4713 1.39217
88 5.84944 -12.2815 -1.61726
89 -14.9708 18.3423 2.63999
90 36.0698 22.7453 0.595294
91 -1.95626 35.3541 1.85411
92 5.76185 -12.7759 -1.61726
93 -7.61682 31.943 1.97642
94 5.04578 -12.8055 -1.61726
95 -2.63953 36.4552 1.85356
96 -0.964648 35.494 1.85463
97 24.648 30.528 1.03787
98 -1.40583 -8.71321 -2.02496
99 -1.30362 37.9679 1.845
