100
Particles
0 -8.87359 -21.5075 -2.02497
1 54.7911 10.0745 0.191521
2 56.1685 15.2481 -0.0482543
3 -18.5642 31.6924 2.70934
4 16.9208 36.7052 1.39217
5 -7.22818 -22.2991 -2.02497
6 -7.74324 -22.3848 -2.02497
7 16.6528 37.1232 1.39217
8 -14.4265 -13.8896 -2.17338
9 -6.33584 51.6685 1.85396
10 33.0095 45.5682 1.03202
11 5.66763 -27.6903 -1.61726
12 16.9749 37.2367 1.39217
13 -5.85784 50.5887 1.85396
14 17.5284 36.6426 1.39217
15 17.5672 50.7041 1.29527
16 7.81767 52.676 1.77661
17 7.0383 52.6438 1.77661
18 -27.0616 13.0733 -3.13365
19 31.9311 44.5177 1.03206
20 -26.7331 -8.57147 -2.63252
21 -2.3597 -31.0899 -1.71767
22 7.43826 -32.9523 -1.53075
23 -31.0046 21.9844 2.66752
24 44.6883 18.3424 0.401628
25 32.0891 45.3414 1.03204
26 -7.8905 -23.4153 -2.02497
27 -2.99396 -29.9593 -1.71767
28 -6.16174 51.506 1.85396
29 -3.21807 -30.4627 -1.71767
30 42.8003 -12.4614 -0.689808
31 44.0606 18.6303 0.401628
32 -29.0464 25.8186 2.63999
33 -14.7979 -14.5526 -2.17338
34 -32.0484 15.5586 2.69836
35 -20.9309 -2.49579 -2.63365
36 31.2868 45.6087 1.03204
37 32.0029 46.0879 1.03203
38 33.595 47.2081 1.03202
39 18.4693 50.8213 1.29527
40 -5.4557 51.4749 1.85396
41 5.00391 -28.725 -1.61726
42 -8.61861 -22.4098 -2.02497
43 -15.0536 -14.893 -2.17338
44 31.3173 46.5627 1.03203
45 18.6758 50.4875 1.29527
46 27.7092 43.2883 1.09642
47 17.4562 37.4425 1.39217
48 -3.20723 37.4104 2.24929
49 7.03823 52.6592 1.77661
50 6.70458 -34.3422 -1.53075
51 32.7195 46.5029 1.03202
52 7.45386 53.065 1.77661
53 -4.89008 53.5352 1.845
54 32.8994 46.3295 1.03202
55 -20.7616 -1.91016 -2.63365
56 21.9408 -30.0635 -1.5126
57 33.083 46.4256 1.03202
58 8.11921 53.1246 1.77661
59 -2.98547 -31.3877 -1.71767
60 -7.52084 -22.2857 -2.02497
61 -27.1315 12.4008 -3.13365
62 -30.9118 22.9075 2.66752
63 31.0994 44.6744 1.03206
64 28.6988 43.3634 1.09642
65 -7.31608 -22.9414 -2.02497
66 -29.3618 38.2564 2.58822
67 -30.1534 22.3351 2.66752
68 -6.81237 -22.6326 -2.02497
69 6.96996 -32.9528 -1.53075
70 6.412 -33.441 -1.53075
71 -4.71376 50.5257 1.85396
72 17.047 35.7928 1.39217
73 -2.35626 -30.573 -1.71767
74 44.1821 18.922 0.401628
75 -15.2759 -13.5624 -2.17338
76 16.4166 37.4882 1.39217
77 -2.70115 -31.4869 -1.71767
78 -13.1376 46.6465 1.97642
79 -13.6594 46.1708 1.97642
80 31.2245 43.8944 1.03206
81 45.0829 18.5543 0.401628
82 7.88965 52.2664 1.77661
83 30.5636 43.6049 1.03207
84 15.957 36.6945 1.39217
85 -15.0173 -13.6565 -2.17338
86 32.3196 47.0131 1.03202
87 17.261 37.7247 1.39217
88 5.12945 -27.7648 -1.61726
89 -28.5614 25.7953 2.63999
90 48.9035 31.437 0.595294
91 -6.28702 50.2368 1.85396
92 5.04187 -28.2592 -1.61726
93 -13.733 46.1853 1.97642
94 4.3258 -28.2888 -1.61726
95 -6.96952 51.3381 1.85396
96 -5.29615 50.3764 1.85396
97 32.5869 43.8405 1.03206
98 -8.20599 -22.6419 -2.02497
99 -5.50066 52.8888 1.845
