100
Particles
0 11.7666 7.05569 2.05924
1 13.456 18.4114 2.59332
2 14.2196 3.96396 2.46079
3 10.3892 5.56803 1.93846
4 10.9108 9.05611 2.72226
5 5.4924 14.6195 1.5892
6 -0.448576 3.6596 1.42808
7 11.4351 20.1197 2.46671
8 8.81319 7.672 1.31729
9 11.5828 2.51475 1.62917
10 11.6044 2.68893 -1.44016
11 8.77055 18.7767 -2.35856
12 8.79912 16.831 -0.246253
13 16.5904 2.95467 1.33189
14 3.7123 18.0432 -2.07753
15 20.3229 14.3829 -2.26552
16 2.49898 3.45159 1.6779
17 16.8907 15.2052 1.9844
18 -0.294424 18.2617 1.18591
19 9.15931 8.02206 -2.33036
20 6.60438 4.4681 -0.0574513
21 19.7329 19.8362 1.00471
22 14.3341 11.9388 -2.40641
23 6.45875 3.33012 -2.42805
24 -1.0911 10.1531 0.943987
25 4.42877 8.44008 2.31268
26 1.14945 10.5 -0.0851387
27 17.6445 15.1524 0.414647
28 13.7538 6.26616 1.75813
29 0.337456 11.986 0.467313
30 10.8675 9.06198 3.01309
31 2.2966 8.93617 2.53434
32 9.38565 10.5268 0.337475
33 5.95981 18.8439 -2.8243
34 15.2739 16.419 -0.269125
35 1.91187 5.05819 -2.08274
36 19.4049 8.90253 -0.334191
37 11.514 17.3649 -0.38674
38 4.23371 3.93847 -0.929985
39 5.55798 13.1517 -3.0491
40 5.02319 19.5962 -3.07032
41 19.0022 1.43053 1.49245
42 12.0047 8.7515 -1.23226
43 1.42682 11.3791 -1.8748
44 18.6594 6.90728 -1.55323
45 3.11365 8.63488 -0.581396
46 9.25826 5.48816 -1.89099
47 8.58895 17.1321 1.36244
48 6.62261 16.3379 0.306662
49 18.1985 6.7809 0.0217124
50 12.0845 6.93838 -2.91853
51 10.7746 3.55937 2.12747
52 1.52868 20.6208 1.43321
53 3.07124 16.4256 -0.836115
54 5.25602 23.1493 1.50081
55 6.3976 7.52056 -0.367999
56 8.4426 10.0677 -3.09705
57 11.2776 15.0454 1.81578
58 16.3167 8.96669 0.418249
59 14.7296 18.5412 2.02931
60 11.6078 16.6981 -0.486971
61 11.6914 13.0472 -0.886416
62 5.01848 5.6136 2.61586
63 2.12997 8.52372 -2.43752
64 11.3543 10.8864 0.200574
65 12.4681 16.3699 1.38157
66 13.3811 12.2836 2.30031
67 10.4305 7.68696 -0.989285
68 16.1449 15.7179 0.799984
69 9.80386 14.5274 0.916324
70 19.4351 21.4701 -1.99832
71 18.8216 8.94508 -1.40585
72 14.4527 17.9464 1.08166
73 3.20305 18.5752 -1.07854
74 18.2656 4.50165 0.366645
75 4.90521 5.63065 2.78983
76 6.80114 3.53749 0.0586962
77 10.6016 15.3772 0.577007
78 9.389 16.9599 -2.86251
79 3.90971 17.1967 0.289122
80 17.0252 14.3837 0.751988
81 6.73118 10.2163 -3.11634
82 5.53435 13.1075 -2.37271
83 2.25478 5.74598 -2.61043
84 6.19697 7.92005 -0.26776
85 10.6482 2.50376 -1.47342
86 1.32096 4.24388 1.41026
87 14.1425 2.36442 0.301605
88 15.2845 18.6819 3.03224
89 9.01887 7.2445 -1.63545
90 18.6061 7.39382 -2.50021
91 8.44909 10.6853 -0.889639
92 18.4392 11.1001 -0.0389994
93 13.935 11.7341 -2.59137
94 2.50411 6.98532 -2.19324
95 15.6264 6.70391 -2.87205
96 10.2238 -1.95502 1.05032
97 6.73366 0.118696 -1.63805
98 9.54622 20.4045 -1.79456
99 14.7841 7.92832 -2.57979
