100
Particles
0 13.1854 7.02514 -0.1407
1 13.0115 16.5971 -1.1733
2 14.107 1.98975 -0.399057
3 9.26037 6.05114 -3.08488
4 11.7202 10.1883 -0.203264
5 3.44756 13.6793 -1.99502
6 -0.741499 5.46633 1.07466
7 10.2797 20.8326 -1.97988
8 8.69899 9.58551 2.07376
9 11.0989 3.20768 3.03282
10 13.4393 1.04946 0.45676
11 8.80789 19.407 -1.74869
12 9.46863 17.5896 2.15711
13 15.9614 4.89099 -0.676844
14 3.45094 18.9753 0.442382
15 22.5318 13.5278 0.265803
16 1.26696 3.81479 0.308744
17 17.8436 15.1401 1.01739
18 0.339626 19.1531 1.1249
19 9.10734 8.4804 -2.70455
20 7.36861 5.8383 1.17922
21 19.6458 21.4652 1.77367
22 12.7094 11.2421 -1.12112
23 6.73313 1.96183 -0.322981
24 -1.402 10.0547 2.04148
25 2.93655 7.70814 -2.11399
26 1.36893 8.1482 1.10148
27 17.9114 13.7805 -1.34022
28 13.7508 7.26882 -0.432997
29 0.43988 12.0346 0.764893
30 11.04 7.60541 -1.32787
31 1.33367 9.25454 0.258758
32 9.67917 10.6851 0.972621
33 6.63198 19.5332 1.24812
34 15.6589 16.8116 -0.14055
35 3.85516 6.4121 -2.83547
36 19.5929 9.47066 -2.71206
37 10.6898 18.5135 2.03024
38 4.23789 4.38101 -1.79506
39 4.89237 14.8249 -1.11103
40 4.84987 20.8997 2.46167
41 20.5332 2.28469 -0.243157
42 10.4464 8.36467 2.55199
43 0.0291506 13.0524 1.48503
44 18.4339 7.41811 1.19467
45 2.00979 9.81354 1.53873
46 10.887 4.67767 -0.0681081
47 9.9361 17.1578 -2.58294
48 5.49368 17.6274 2.13358
49 17.4946 4.98061 0.178375
50 10.7558 4.99147 -0.0671006
51 12.4447 3.9366 1.55256
52 0.3748 19.8257 -2.2309
53 2.32989 16.363 0.566651
54 6.90201 22.5894 -2.2053
55 4.6874 7.64397 -0.855385
56 7.6286 10.6863 0.394136
57 10.4718 13.3139 -2.44671
58 14.9692 10.3185 -0.531275
59 13.8587 19.7227 0.303101
60 12.4239 16.5825 0.380108
61 12.0441 13.3611 -0.921735
62 4.1224 6.96955 1.82058
63 2.39244 8.38246 -0.39438
64 10.9998 10.0554 0.751435
65 12.3171 15.2767 -0.985562
66 13.5784 12.1922 2.28381
67 10.6114 7.87947 3.06249
68 15.6289 15.636 1.05663
69 9.9788 15.0147 1.83691
70 18.4534 22.2985 1.03842
71 18.6832 7.35749 -0.998191
72 13.8698 16.0897 -1.41532
73 4.88096 18.278 -0.434896
74 16.5146 5.88663 -0.747456
75 4.66254 3.55282 -3.05634
76 7.63885 3.24733 2.10513
77 9.84435 15.9391 2.92008
78 8.25098 18.2969 1.97583
79 4.1247 18.5555 2.63994
80 18.2755 15.1305 2.62679
81 5.98737 9.57724 -0.684183
82 6.29053 11.6287 -0.804259
83 3.40428 7.36616 0.761562
84 6.64138 9.51703 0.731105
85 11.201 2.15436 -2.49037
86 0.606836 4.37421 -2.46709
87 13.5838 3.87486 -0.867007
88 15.2013 19.6047 2.15926
89 9.94614 10.0683 -2.40657
90 18.8855 7.40714 0.828223
91 8.17305 10.2507 -2.59194
92 17.7873 9.35537 -1.57253
93 15.6619 10.9873 -2.0349
94 1.36725 6.4179 -3.03332
95 16.0798 8.05001 -2.99151
96 11.263 -0.413382 3.51664
97 5.08451 -1.25169 2.72161
98 8.47686 19.4665 -1.53369
99 14.3524 8.49879 -3.08954
