100
Particles
0 11.8681 6.83419 -1.02764
1 14.1069 16.0757 2.90894
2 14.0252 2.23718 -1.3224
3 10.8846 6.77722 1.6548
4 10.664 10.0974 2.4995
5 3.6627 14.2396 -2.86158
6 0.0182451 5.54764 1.40934
7 10.3731 20.8119 -3.09186
8 8.59309 8.65384 1.76316
9 11.5789 2.97488 -1.43113
10 13.1086 1.37361 1.41378
11 8.51862 19.7347 0.132783
12 9.00148 17.4464 2.9159
13 16.2866 4.04577 -0.503394
14 3.04136 19.0923 3.00107
15 22.0529 13.4811 2.73601
16 2.35508 3.71112 -1.66157
17 18.2616 14.6357 -0.205688
18 -0.803222 18.7919 0.383163
19 8.42394 8.99406 -2.1687
20 6.56403 4.90443 0.862255
21 20.4865 20.0868 1.77205
22 13.4321 11.5113 2.23784
23 6.80221 2.95237 0.164132
24 -0.518793 9.78402 1.8482
25 3.80895 7.95045 -2.67732
26 1.55805 9.43295 -0.492428
27 17.8654 15.156 0.911798
28 12.8438 7.76081 2.04655
29 0.457743 11.64 -0.576109
30 10.8546 8.36352 2.72183
31 1.12422 9.48263 1.90792
32 9.01192 10.9075 1.44322
33 6.5021 19.3101 -0.750524
34 14.9202 16.5724 2.66006
35 2.66467 5.72099 1.06777
36 19.183 9.64493 1.38242
37 10.9112 18.8671 -2.16074
38 3.62744 4.00545 -2.90146
39 5.67138 14.3234 1.52508
40 4.30343 20.4237 -2.96707
41 19.8933 2.49866 0.225214
42 10.8809 9.31646 1.99383
43 -0.231762 12.7914 2.88885
44 18.4707 6.96866 -1.63074
45 2.30326 9.83151 2.14558
46 9.90623 4.62516 -1.95972
47 9.53028 17.3373 0.635061
48 5.45841 16.2061 3.00667
49 17.297 5.93653 -3.03382
50 11.3806 5.46687 -1.21531
51 12.344 3.91801 2.46445
52 1.39323 20.4022 -0.285162
53 1.70277 16.4403 0.968571
54 7.02634 23.1894 -0.153918
55 4.48081 8.77524 1.28549
56 7.90839 10.3741 1.21177
57 11.227 14.0802 -1.24527
58 15.64 10.6632 1.98046
59 14.5387 19.8715 1.23149
60 11.4389 17.3743 1.15872
61 12.0232 12.7449 1.81718
62 3.26049 6.00749 -2.6812
63 2.25554 8.7556 -2.13102
64 10.7567 10.2977 0.0123355
65 11.5756 16.1108 1.53603
66 13.808 11.0172 -0.515892
67 10.2582 7.34981 2.64221
68 16.1592 14.8035 2.72883
69 10.1559 15.7672 1.31951
70 18.6187 22.2966 -3.10431
71 19.4547 8.03848 0.821216
72 14.654 16.2938 -0.977158
73 3.85987 18.4363 -1.02891
74 16.7539 5.03717 1.92941
75 5.05257 4.82355 -0.340243
76 7.04483 3.45469 -1.64696
77 10.3605 15.0353 -2.57657
78 8.35977 17.3722 1.19456
79 3.22605 17.9077 2.217
80 18.4521 15.6696 0.35869
81 6.01978 9.96319 -0.818155
82 5.73443 12.582 -1.1601
83 2.88016 7.28431 0.648715
84 5.93922 9.14315 0.559303
85 10.752 1.75954 -1.25082
86 0.810071 4.00036 -1.28622
87 13.6849 2.95045 1.41033
88 16.2046 19.6369 0.499717
89 9.21092 8.80041 0.46621
90 18.9036 7.10841 -0.146922
91 8.4051 10.1618 1.96354
92 18.1194 10.7136 0.618541
93 14.3874 10.9879 -1.19051
94 2.16199 6.64841 0.533364
95 14.86 7.60372 0.889029
96 11.0555 -1.04567 -0.220835
97 5.67644 -0.650693 -0.131366
98 8.93254 19.6265 2.6405
99 14.1706 9.09988 2.15473
