100
Particles
0 2.36503 9.23908 -1.76022
1 22.3945 3.79292 0.191521
2 23.2069 16.8399 -0.0482543
3 11.4007 17.8682 2.70934
4 10.736 4.34419 1.7768
5 7.41213 7.27476 -2.06115
6 6.88208 7.19654 -2.04925
7 9.97998 4.88457 0.942407
8 4.23379 13.327 -2.02285
9 0.737061 19.6139 1.60854
10 15.7785 17.4273 1.02525
11 7.23053 5.27195 -1.74181
12 10.4717 4.94164 1.42927
13 4.45297 19.3797 1.49711
14 15.1224 5.86023 -2.86542
15 8.5894 18.9488 1.29527
16 14.7536 20.4592 2.26326
17 13.3901 20.3956 0.56735
18 5.93734 13.3355 -3.13365
19 16.0236 15.6438 1.18412
20 2.08235 7.51173 -2.63252
21 2.46773 1.55514 -1.71199
22 5.20888 -0.0520141 -1.52126
23 -1.64401 6.91938 2.66752
24 16.5486 2.9239 1.05208
25 14.9594 17.139 1.03514
26 6.69928 6.18256 -1.97064
27 1.83911 2.68489 -1.72758
28 1.03873 19.4722 1.60854
29 1.61346 2.18173 -1.72331
30 17.3452 8.53944 -0.689808
31 13.3772 9.15331 -0.239275
32 -0.111655 9.95106 2.63999
33 4.06147 12.5086 -2.43962
34 -2.23721 1.40621 2.69836
35 7.90277 13.5547 -2.63365
36 14.1033 17.4408 1.0358
37 14.7464 17.9644 1.0137
38 16.3321 19.0869 1.04341
39 9.4915 19.066 1.29527
40 5.52617 20.8436 2.76
41 6.51875 4.23995 -1.53445
42 5.94449 7.20108 -2.02941
43 3.95209 12.0232 -2.73668
44 12.9782 19.4997 0.56735
45 9.69799 18.7322 1.29527
46 12.6353 13.9322 1.09642
47 11.1966 5.08582 1.60974
48 17.5041 11.7192 2.24929
49 13.3598 20.4094 0.56735
50 8.78731 -1.80188 -1.87285
51 15.4552 18.3828 1.00071
52 14.1902 20.76 2.26326
53 4.04556 21.768 1.845
54 15.6375 18.2079 1.00612
55 8.07206 14.1403 -2.63365
56 20.0213 2.88065 -1.5126
57 15.821 18.3038 1.0158
58 15.1497 20.9378 2.26326
59 1.84249 1.25724 -1.71337
60 7.1146 7.29063 -2.05567
61 5.86747 12.6631 -3.13365
62 -1.55117 7.84253 2.66752
63 15.2219 15.7863 1.18412
64 13.6249 14.0073 1.09642
65 7.3112 6.63907 -2.0449
66 -1.28679 20.913 2.58822
67 -0.792835 7.2701 2.66752
68 7.82794 6.94125 -2.06115
69 4.76417 -0.051351 -1.44581
70 4.29378 -0.53737 -1.36959
71 6.59655 19.7304 2.356
72 14.4964 4.48956 1.68802
73 2.47399 2.07158 -1.71976
74 13.5115 9.41187 -0.239275
75 3.20506 13.7501 -1.92164
76 9.57768 5.33146 0.546827
77 2.12628 1.15814 -1.71199
78 -0.116144 16.3242 1.97642
79 -0.637963 15.8485 1.97642
80 15.3884 14.9818 1.12962
81 17.0995 2.93372 1.05208
82 14.8542 20.057 2.26326
83 14.7505 14.6789 1.04084
84 8.9429 4.66594 0.470515
85 3.53829 13.6173 -1.91149
86 15.0518 18.8952 1.00071
87 10.662 5.45492 1.24968
88 6.67526 5.1987 -1.71541
89 0.373348 9.92772 2.63999
90 21.5801 12.9322 0.595294
91 3.85097 18.9938 1.49711
92 6.57257 4.70531 -1.59215
93 -0.711495 15.863 1.97642
94 5.84064 4.67613 -1.43968
95 0.0767081 19.2779 1.60854
96 5.7961 19.4609 2.356
97 17.8575 14.4637 1.22939
98 6.40379 6.94726 -2.03053
99 3.43498 21.1216 1.845
