100
Particles
0 10.2046 6.70232 0.149872
1 12.5565 18.9336 1.96679
2 14.9097 3.52649 -0.925637
3 8.0808 3.73697 -0.908132
4 11.1036 8.146 -1.34067
5 6.19952 14.0001 0.746911
6 1.14418 3.49007 -3.13466
7 12.0795 21.1934 2.70813
8 9.67427 7.64785 -2.91815
9 10.7823 3.71256 -2.29715
10 9.84325 2.65592 2.95871
11 9.93779 20.0323 -2.3982
12 8.04197 17.9524 3.00681
13 15.3795 2.00645 -1.07422
14 4.29712 17.5587 0.361205
15 20.4505 16.086 -2.72132
16 4.28242 4.87745 1.95061
17 16.5025 14.2136 -1.72365
18 0.0511104 16.2675 -2.56643
19 11.75 9.23032 2.05499
20 5.69464 6.32426 0.716727
21 19.6699 19.0747 1.34472
22 14.7587 11.8625 -2.17578
23 7.38335 4.87163 -1.33105
24 -0.34877 9.33347 0.660684
25 5.09609 7.53576 -2.69836
26 2.52732 10.9535 0.45633
27 17.3197 12.9995 -0.291303
28 14.7612 6.31796 1.48957
29 0.896934 13.1032 0.575327
30 11.2675 8.5298 -1.45113
31 1.93019 8.72807 0.458285
32 9.065 10.515 -1.1139
33 8.7313 19.766 2.02562
34 13.8053 15.1891 1.84619
35 0.116684 5.80151 -0.178614
36 19.5757 7.49969 -2.10597
37 11.4276 18.8092 0.0919184
38 4.93755 3.7889 -1.32014
39 4.03731 11.4296 -2.81007
40 3.88996 19.2184 1.25064
41 18.2824 1.35548 2.30685
42 11.2402 10.1263 2.02287
43 3.08766 10.7779 -0.138407
44 17.2241 6.32418 0.945669
45 2.77479 7.73051 0.604482
46 10.4713 6.85408 1.12002
47 10.3184 16.0257 3.03882
48 5.87615 17.6671 -0.433522
49 17.8825 6.59621 2.59467
50 13.7422 5.16031 -0.649548
51 8.94763 1.88454 2.93711
52 1.01266 19.662 1.6611
53 3.63592 15.8551 -2.65353
54 6.31193 21.1519 0.870686
55 6.21701 8.01626 -0.35393
56 8.87233 10.6112 0.676955
57 11.2017 14.9716 -0.367282
58 12.8234 6.84279 2.90662
59 13.8349 18.145 1.08197
60 11.3159 19.437 -0.0034723
61 12.0573 12.2772 0.442631
62 4.46338 4.48535 2.75892
63 1.50787 8.38676 -2.48219
64 13.4773 8.39959 -1.7585
65 11.8218 16.9501 2.59645
66 14.5625 13.9699 -0.633436
67 12.0456 8.0737 1.59894
68 15.0702 15.422 0.962514
69 10.658 16.3777 -1.33138
70 17.813 20.4614 -0.895151
71 17.5678 9.59691 -0.845538
72 14.0494 18.2586 -0.982806
73 5.69207 17.1818 2.51597
74 18.2231 6.38326 -2.96697
75 4.76006 5.16823 -2.66473
76 8.50224 3.41414 0.716871
77 8.60743 14.9776 -1.83888
78 9.19844 15.6877 -0.110997
79 3.42316 18.6586 -0.864638
80 15.4698 13.8697 2.42855
81 7.15821 11.2261 -0.765407
82 5.27642 13.6542 -2.7103
83 1.53923 4.78882 3.04073
84 7.52827 5.91719 0.0887775
85 9.65315 2.42197 2.25135
86 0.866783 6.66909 2.14931
87 13.6562 3.8127 -1.22153
88 14.4815 15.1272 -2.0254
89 10.0831 8.65655 -2.20798
90 17.3385 6.13139 -0.378567
91 6.81325 10.8666 -0.861149
92 17.2638 10.1032 -1.37549
93 13.1392 11.0514 0.486326
94 2.98474 5.54077 -1.63503
95 15.2798 6.55761 -2.0329
96 8.99928 -0.334647 -2.7448
97 6.19024 0.200735 -2.10611
98 9.58946 20.7443 -1.6133
99 13.7697 8.44259 1.68171
