100
Particles
0 12.6595 5.90836 2.32469
1 14.2365 16.9493 0.983929
2 15.7709 0.886883 0.935699
3 12.827 8.21545 0.394276
4 10.8192 9.34887 2.41352
5 3.02282 14.2219 1.97655
6 0.258576 5.5445 1.57677
7 10.7897 20.2828 -1.37871
8 8.9195 8.77017 -2.35081
9 11.3445 5.45441 -0.645838
10 13.1012 2.1179 0.089472
11 7.92252 19.4528 -0.763513
12 9.26001 17.637 1.57235
13 20.0272 5.60064 0.897225
14 5.22957 19.7763 0.168846
15 22.2022 13.9092 0.266788
16 2.33874 3.50409 2.74666
17 17.1685 19.1079 1.09819
18 -1.04276 19.0311 1.39597
19 7.79875 9.57581 -2.37975
20 8.97188 6.94768 0.286953
21 20.1357 20.7593 -0.0110479
22 13.4394 12.1514 -2.71923
23 5.50012 0.570742 -2.7029
24 -0.112393 9.23664 -0.408948
25 3.88365 8.92546 -2.22672
26 1.23717 8.74833 2.24848
27 16.2727 13.6809 2.01259
28 13.1106 9.31683 -0.394028
29 -0.841325 13.0314 1.87166
30 10.2018 8.35145 0.363576
31 1.36192 8.69862 1.81523
32 8.15357 10.2959 -2.24479
33 8.25904 20.009 -1.6221
34 17.587 14.5754 -1.80243
35 4.02221 6.66796 -2.16612
36 20.8516 10.632 -0.57472
37 8.8269 16.9065 1.35201
38 5.79799 1.57821 -0.0559024
39 2.58704 16.2407 -0.420961
40 6.41154 22.968 0.257273
41 23.2675 3.1569 0.775478
42 9.12551 7.56237 2.3546
43 -1.80948 11.7867 2.6032
44 19.8877 3.67531 -0.642434
45 1.5248 8.32423 -2.8206
46 11.6159 5.30862 -0.971064
47 10.9861 16.0937 0.147792
48 6.11576 19.352 1.33692
49 19.2957 7.03573 1.83813
50 12.1241 5.79122 1.66028
51 13.578 2.76472 -0.920577
52 1.1301 20.4083 -3.03933
53 2.11509 14.0315 -1.40333
54 6.37545 24.7996 0.485839
55 3.92329 7.64176 -2.66977
56 7.67749 13.4138 -2.46675
57 11.3544 10.6038 1.76905
58 14.4527 10.2608 1.70774
59 12.4694 21.8831 -2.23629
60 10.9602 16.4329 2.63569
61 13.3844 14.3109 -0.366848
62 5.25757 5.12962 -1.62367
63 2.45746 10.5462 -1.78878
64 10.1752 9.7609 -0.243772
65 14.0311 15.8309 -3.09362
66 13.3448 12.0972 -0.546097
67 10.6446 9.16189 1.64154
68 16.4733 15.8762 1.67145
69 8.87894 15.3538 2.91812
70 17.9975 22.6629 -0.69312
71 15.3959 7.91401 -2.91412
72 13.8186 19.2298 0.39021
73 5.7372 16.77 -0.197783
74 15.8236 4.24124 -0.23413
75 5.78163 5.39419 0.817307
76 8.06297 5.39861 -1.56751
77 13.191 16.4892 0.674799
78 8.40612 17.2572 1.32816
79 4.77586 17.6886 0.852557
80 17.8548 15.3982 -1.66248
81 3.02795 10.3474 -2.89699
82 5.1139 11.3987 2.77665
83 4.33772 6.29235 -1.41131
84 7.13441 10.7539 -0.685179
85 12.4656 2.38967 -2.66935
86 1.1412 4.40625 -0.429541
87 13.295 4.54613 0.801957
88 16.1289 20.2966 0.0891742
89 8.76989 9.28266 2.38317
90 18.899 7.16808 -2.4143
91 7.30796 10.8284 1.60555
92 18.8269 9.95351 1.46631
93 17.6753 9.36174 0.364663
94 3.83097 7.78486 1.54905
95 17.1937 6.76269 0.23715
96 11.5964 -0.263388 -3.08401
97 6.76651 -0.0983847 -2.85356
98 7.9262 19.984 -1.06234
99 13.2364 10.0863 1.90952
