100
Particles
0 13.2014 5.57035 0.130592
1 14.2362 16.6984 -1.52291
2 15.1747 0.513782 -2.26139
3 12.8133 8.21554 -2.00451
4 10.8126 9.04997 -2.93268
5 2.69177 14.1546 -3.06846
6 -0.483832 5.63412 3.05988
7 10.5939 20.0204 -2.60826
8 9.46456 8.59659 0.223194
9 11.2058 5.46305 3.1088
10 12.7596 2.2485 2.40837
11 7.33584 19.0793 -2.95936
12 9.53946 17.8229 0.189954
13 19.9804 5.84702 1.97808
14 5.24159 20.4419 1.04145
15 22.6707 14.3077 0.439371
16 2.92302 3.7967 0.0832373
17 17.3345 19.6316 0.44593
18 -0.585701 19.5789 0.501278
19 7.37304 9.53666 2.52891
20 8.78397 7.15812 2.78816
21 19.9349 20.9642 0.0989147
22 13.7621 11.9459 -0.0706029
23 5.6791 0.86296 1.62591
24 -0.0824212 9.59703 0.422926
25 3.3929 8.52434 -1.86108
26 1.14972 8.48677 0.10037
27 15.9961 13.6927 2.92721
28 12.9191 9.73287 1.24586
29 -1.19285 13.0185 -2.44586
30 10.348 8.51782 0.385309
31 1.4913 8.97237 -1.12425
32 8.18361 10.1622 1.11661
33 8.08624 19.8295 2.52608
34 17.491 14.2564 -1.2841
35 4.2424 6.32405 -0.410651
36 20.925 10.4929 -0.941669
37 8.63459 16.6601 -2.49043
38 6.19391 1.02311 -1.3524
39 2.68781 16.6066 2.41745
40 6.42903 23.2188 1.26501
41 22.8505 3.32314 2.71782
42 9.22732 7.19178 -1.14
43 -1.62589 11.7393 1.40903
44 19.7534 4.09494 1.89831
45 1.71412 8.19294 -1.54854
46 11.5088 4.9066 -1.89735
47 10.9804 16.2598 -2.36629
48 5.49455 19.2685 2.76016
49 19.6217 7.35837 1.00447
50 12.0924 5.95031 0.941724
51 13.4979 2.41293 2.86571
52 1.37109 20.3402 -0.269277
53 1.99336 13.864 -2.38044
54 6.30333 24.1877 -0.990064
55 3.4045 7.26502 -2.25336
56 7.11652 13.2019 -3.04017
57 11.5575 10.4756 3.03414
58 14.5267 10.3033 2.11196
59 12.8443 22.264 1.9365
60 11.2539 17.0848 1.09647
61 13.4317 14.1876 -1.85825
62 5.1613 5.57341 2.16827
63 2.06661 10.855 2.404
64 9.77789 10.2961 2.63918
65 13.9016 16.0461 -0.391549
66 12.8068 12.0708 2.30494
67 10.3227 8.74812 -1.13943
68 16.1607 16.3582 -3.08972
69 9.03201 15.2366 1.84128
70 17.9057 23.2081 0.900515
71 15.6651 7.8172 0.0633245
72 13.924 19.5688 0.146614
73 5.04496 16.8729 2.52737
74 15.1833 4.06872 2.9916
75 6.12219 5.98711 1.43861
76 7.63843 6.00936 2.35712
77 13.1522 16.2337 0.747784
78 7.95858 17.2867 2.213
79 4.56036 17.4636 -0.327865
80 17.9991 15.164 -2.99556
81 2.73248 10.9993 1.65208
82 5.14318 11.0869 -0.483016
83 4.34379 6.2561 2.38811
84 7.20982 10.9008 -1.72964
85 12.7022 2.58515 -1.50617
86 1.2442 4.73169 1.48912
87 13.1825 4.77899 -2.26716
88 15.8149 20.4284 2.57819
89 8.70154 8.89894 -1.95915
90 19.2797 7.2535 1.96306
91 6.98014 10.591 2.17535
92 18.7925 9.64909 0.398182
93 17.5048 8.99032 2.90301
94 3.99108 8.11788 1.32502
95 16.9511 6.64932 -3.03317
96 11.8819 -0.225666 -2.11478
97 6.93516 -0.244229 2.04379
98 8.00613 19.6719 -1.50482
99 13.3552 10.209 -1.65691
