100
Particles
0 11.8568 6.82777 -1.37155
1 14.2744 16.2562 -0.901254
2 14.0336 2.71953 -1.16946
3 11.0728 6.34225 -1.54805
4 11.0908 10.0532 1.51549
5 4.13059 14.412 2.43206
6 -0.26808 5.25711 0.969498
7 10.8379 20.6969 2.65424
8 8.47896 8.59893 -2.3871
9 11.7683 3.33322 -2.42886
10 12.8228 1.08596 -1.12705
11 8.10587 19.5137 3.10091
12 9.07209 17.21 1.77798
13 16.158 4.39948 2.17369
14 3.40768 18.8373 0.749766
15 22.5265 13.4374 0.445069
16 2.51002 3.74796 -0.0303364
17 18.0163 14.9367 -1.05544
18 -0.933406 18.47 -2.79544
19 8.36936 9.35675 1.73452
20 6.31817 4.47884 1.28249
21 20.7865 19.8455 2.71003
22 13.4367 11.5148 -1.68809
23 6.30699 2.88496 -2.85419
24 -0.312709 9.75229 -1.18677
25 4.2595 7.95768 1.17474
26 1.14114 9.70555 -2.47934
27 17.9291 14.8339 1.04397
28 12.9071 7.29386 2.83851
29 0.0348275 11.9066 2.44766
30 10.9421 8.46822 -2.37381
31 1.09222 9.46884 0.699386
32 9.01984 10.9064 -2.63285
33 6.5536 19.3935 -1.21966
34 15.0023 16.2491 -1.08307
35 2.32336 5.61924 0.330385
36 18.9029 9.48925 -1.84356
37 11.2357 19.2426 2.52779
38 4.08057 3.92974 -1.85711
39 5.427 13.9829 -0.612613
40 4.68204 20.6791 2.00976
41 19.4128 2.3627 2.5767
42 11.1469 8.89929 1.8676
43 0.224575 12.6001 2.21105
44 18.6635 7.04252 -0.235414
45 2.68746 9.6509 -2.51027
46 10.2254 4.96673 -2.33831
47 9.40592 16.9511 -0.470293
48 5.937 16.2684 -0.999936
49 17.7526 5.82338 1.98111
50 11.5422 5.7273 -0.0763374
51 12.3764 3.95145 -0.899126
52 1.40269 20.4547 1.63703
53 1.79679 16.1508 -2.59618
54 6.98716 23.0889 -0.370287
55 4.49251 8.77149 2.21532
56 8.04672 10.0335 -2.61415
57 10.9715 14.1391 1.87276
58 15.9889 10.4527 -1.21408
59 14.2172 19.5602 2.71799
60 11.5827 17.0907 0.837904
61 11.8789 12.6451 1.79264
62 3.4747 5.86876 1.91823
63 2.51331 8.75083 -0.879349
64 10.2675 10.3672 -0.281097
65 11.8045 15.9389 -2.70462
66 13.3973 10.982 -0.455869
67 10.2611 7.35513 2.06791
68 16.5992 14.5691 0.639102
69 10.3283 15.4387 0.64307
70 19.0569 22.1416 3.11731
71 19.1237 8.04705 1.47012
72 14.4202 16.2694 -1.29727
73 3.90586 18.8291 0.8165
74 16.9314 4.56975 2.80625
75 4.81846 4.65699 -2.64194
76 6.96209 3.93231 1.94546
77 10.5005 15.4088 -0.916645
78 8.32099 16.8954 2.08536
79 3.22625 17.5083 2.4623
80 18.4633 15.6298 0.132923
81 5.60999 10.2193 -1.20985
82 5.87535 12.8786 0.728047
83 2.91527 7.04616 1.56304
84 5.73542 9.26037 -1.3715
85 10.5 2.17699 0.0375611
86 0.918971 4.06587 2.54391
87 13.8913 2.66093 0.807471
88 15.7947 19.3553 -1.43133
89 8.87101 8.46689 0.986446
90 18.8813 7.03611 1.7396
91 8.58127 10.1675 0.713464
92 18.1405 10.4593 -1.89198
93 14.4226 11.0053 0.680399
94 1.84533 6.29278 -2.38984
95 14.9239 7.29359 1.40592
96 10.833 -0.741831 1.57598
97 5.64205 -0.487807 -1.14964
98 9.01617 19.7164 -1.34342
99 14.2722 8.64394 -1.3815
