100
Particles
0 10.1075 6.74425 0.210463
1 13.1294 18.6825 -0.291425
2 15.2598 2.96648 -1.80778
3 7.78041 3.67312 2.25963
4 11.0142 7.59396 1.38736
5 6.44424 14.3892 0.932685
6 0.789191 3.87671 0.453759
7 12.6711 20.1925 -0.17942
8 10.3916 7.96918 -0.3887
9 9.92062 3.63452 -3.02299
10 10.3877 2.58234 2.81453
11 9.97667 19.2565 3.14128
12 8.15537 17.685 1.10829
13 14.9654 2.53192 -0.444908
14 3.71491 17.2129 -0.35141
15 19.9474 16.9946 2.04891
16 4.95602 5.09262 0.942331
17 16.6062 14.7547 -2.60645
18 0.469214 16.9713 -0.502795
19 12.0647 9.24664 0.937295
20 4.87741 7.14162 -0.213821
21 19.3473 19.1223 2.0432
22 15.0538 11.7711 0.340621
23 7.60844 5.21813 -0.911419
24 -0.269074 9.09304 -2.87819
25 5.3282 8.38937 -1.4386
26 1.97459 10.5654 2.64494
27 16.6713 13.5575 1.05774
28 15.4476 7.05167 -2.82146
29 1.27625 13.3521 -2.53497
30 11.4299 9.11491 2.09737
31 1.10711 8.49707 2.95934
32 9.04283 9.48695 1.14076
33 8.33193 19.1495 0.236488
34 13.7523 16.1044 -0.265782
35 0.489618 5.81837 -3.0268
36 19.8381 7.61536 -0.0918814
37 11.6189 17.9281 -1.31004
38 4.99665 4.98192 -0.61494
39 4.24659 11.6062 -2.753
40 3.62478 18.6839 -1.43565
41 18.1227 1.88282 2.87154
42 10.9081 9.54477 -1.41528
43 2.14299 11.8861 -0.581583
44 16.6377 6.19397 2.43612
45 1.71638 7.39636 0.59813
46 11.2208 6.59848 -3.07836
47 9.4741 16.1321 0.651827
48 6.16741 17.4852 0.975404
49 17.7495 6.89744 -0.651313
50 13.8864 5.67338 -2.87383
51 8.94846 1.95904 -0.80224
52 0.412554 19.6609 -2.02405
53 4.38391 15.9893 -0.262385
54 5.95724 19.3161 -1.8271
55 5.22592 7.8875 0.524199
56 9.83026 10.7317 -2.42476
57 11.1062 13.9232 -0.856156
58 12.9253 6.42683 -2.369
59 12.7246 17.6426 -2.64558
60 10.5659 19.8613 -2.49975
61 12.2151 12.4392 2.54649
62 4.96882 3.75508 0.368568
63 1.83559 8.84977 -0.717093
64 12.9483 9.55735 1.3586
65 11.1671 17.104 0.301606
66 13.8814 15.0688 -0.488581
67 12.577 7.30421 2.32331
68 15.0143 14.74 -2.05253
69 10.2722 16.5012 2.07706
70 18.2208 20.0425 -0.0416307
71 18.1075 9.52182 -0.50697
72 13.7907 18.7776 -2.70083
73 6.92892 16.1875 0.0844988
74 19.4298 6.36166 0.142465
75 4.71801 4.61097 2.93775
76 8.15816 2.21774 -2.52985
77 8.37162 15.4435 -1.79095
78 9.01435 15.7911 3.01031
79 3.05838 18.6602 -2.94001
80 15.7881 13.4297 -2.00927
81 6.52684 10.9848 -2.4692
82 5.23296 14.4548 1.36347
83 1.07421 4.69327 0.768909
84 7.57887 5.53909 -1.21375
85 10.0604 2.44932 0.742004
86 1.91528 6.49937 -1.56682
87 14.5304 4.83208 3.06818
88 14.4896 14.9849 0.903407
89 10.7813 8.50335 2.81888
90 17.2693 6.43307 -1.62109
91 6.48665 10.8776 2.25926
92 16.7754 9.69275 -1.66106
93 13.2093 11.1197 -3.11772
94 3.91228 5.59259 2.978
95 15.4288 7.87961 0.916366
96 9.4763 -0.469099 -0.277182
97 6.44231 0.395763 -0.816461
98 10.4527 20.0528 0.443109
99 13.2375 7.38084 -1.61568
