100
Particles
0 11.8839 6.83492 -0.0122047
1 13.6694 18.2811 0.227134
2 14.4138 3.80661 2.23142
3 10.479 5.33474 2.76545
4 11.1392 8.95432 1.64191
5 5.497 14.3696 2.01117
6 -0.484134 3.41214 -1.96011
7 11.6303 19.9635 1.12404
8 8.75049 7.42999 -2.75093
9 11.5974 2.26518 3.05895
10 11.5719 2.9368 2.33022
11 8.94775 18.9531 1.71694
12 8.55666 16.8919 0.0941249
13 16.5313 2.71177 -0.693887
14 3.83363 18.2618 -1.27469
15 20.483 14.5749 2.57525
16 2.5257 3.20302 0.609402
17 16.9912 14.9763 -0.87989
18 -0.388287 18.03 1.93595
19 9.33146 8.20334 -1.66232
20 6.35479 4.48246 2.68515
21 19.5989 19.6252 -3.0711
22 14.5196 12.1065 -2.09445
23 6.64776 3.49375 -0.851628
24 -1.23774 9.95063 0.806133
25 4.59769 8.25578 2.28118
26 0.900357 10.5213 2.87746
27 17.4157 15.0517 3.02568
28 13.8003 6.02053 1.90962
29 0.11426 11.8734 2.8692
30 11.1154 9.02995 -0.076237
31 2.50191 8.79352 3.0939
32 9.14976 10.4441 1.07238
33 6.19733 18.9219 -1.78648
34 15.0329 16.4854 0.10119
35 2.03434 5.27614 0.248548
36 19.1687 8.98454 2.52953
37 11.2824 17.4592 -0.898964
38 4.08424 4.13887 2.03239
39 5.80691 13.1748 -2.08973
40 5.27255 19.614 1.29894
41 18.9826 1.1813 1.60209
42 11.9217 8.98731 1.11551
43 1.50165 11.6177 -1.02972
44 18.655 7.15724 -1.5629
45 2.90473 8.77218 2.40724
46 9.33695 5.72545 2.89855
47 8.53723 16.8875 2.41061
48 6.38427 16.2624 0.870183
49 17.9485 6.77547 2.07992
50 12.3283 6.99369 -2.59212
51 10.9067 3.34711 0.205899
52 1.49439 20.3732 1.45267
53 2.90366 16.6111 -2.68026
54 5.23854 22.8999 -2.75435
55 6.16433 7.6105 2.26534
56 8.69236 10.0788 -2.09137
57 11.3382 14.8029 -0.24478
58 16.0882 8.86515 -1.02361
59 14.8402 18.317 0.571093
60 11.3869 16.8151 1.47727
61 11.5334 13.2409 3.12881
62 5.23472 5.48813 1.00316
63 2.32052 8.68555 -1.60609
64 11.1093 10.8366 0.855425
65 12.421 16.1244 0.102123
66 13.5477 12.0972 -2.11457
67 10.2932 7.89587 2.22605
68 15.9708 15.5386 -2.28461
69 9.65167 14.329 -0.65566
70 19.5387 21.6976 -0.242099
71 18.7806 9.19168 0.384152
72 14.3352 17.7257 0.564833
73 3.08489 18.7955 -1.96362
74 18.0322 4.41203 0.239399
75 5.1399 5.54451 0.335575
76 6.55157 3.52283 -1.72014
77 10.3921 15.2408 1.35644
78 9.62933 17.0288 -0.607441
79 3.67008 17.1254 -1.8026
80 16.8426 14.2129 0.829579
81 6.9811 10.2226 -1.28636
82 5.71402 13.2814 0.649855
83 2.47033 5.87262 2.24144
84 5.95588 7.98619 1.45846
85 10.6239 2.75258 -2.17235
86 1.281 3.99709 0.880808
87 13.9038 2.29015 1.815
88 15.533 18.6546 -0.47793
89 9.03502 7.49397 -2.66051
90 18.8064 7.54339 0.748116
91 8.29166 10.8795 -0.242564
92 18.1894 11.1098 1.04544
93 14.1481 11.8648 0.237748
94 2.64987 7.18843 -1.95313
95 15.8673 6.77048 2.54768
96 10.0994 -2.17191 -3.02181
97 6.75046 0.368131 2.63513
98 9.60169 20.6482 0.566858
99 14.9957 8.0615 -0.0936066
