100
Particles
0 10.5635 7.15728 0.565342
1 13.985 19.5319 1.36612
2 13.8891 3.62551 -2.90373
3 9.05044 3.9274 1.37928
4 10.7252 8.36867 2.59146
5 6.49658 14.2206 -0.0571095
6 1.16359 3.8412 -1.03544
7 12.0526 20.5384 -2.98233
8 9.84483 8.00329 -1.78678
9 11.0183 3.29715 -2.61044
10 10.5572 3.34482 -2.13622
11 9.2605 20.6922 2.94884
12 8.32054 16.8914 1.55732
13 15.8125 2.87719 -2.78805
14 2.93868 16.1981 -3.05323
15 20.6595 15.4777 -1.18011
16 3.35863 3.27682 -2.39518
17 16.6001 15.0267 1.68622
18 -0.283477 15.9656 -1.52076
19 11.7696 8.0154 -0.649653
20 6.75212 5.8727 -0.414257
21 19.2027 18.8853 1.46266
22 14.8151 12.2285 -0.581855
23 6.49056 4.5837 1.84834
24 -0.0987849 9.34924 -2.00307
25 5.42311 7.79195 -1.0603
26 1.97102 10.3093 -1.5305
27 17.93 13.4478 0.500578
28 14.3013 5.47775 0.956522
29 0.513027 12.1682 -2.82866
30 10.6847 9.31652 1.74394
31 1.84292 9.30144 1.6138
32 9.13222 9.37634 -0.414123
33 8.0381 19.2265 -2.61241
34 14.2543 15.6683 -2.97845
35 1.02497 5.44441 0.386611
36 19.359 8.10853 1.93248
37 11.5182 17.4464 -0.783748
38 4.40064 3.50459 2.41604
39 3.23851 11.5183 2.86023
40 4.71695 19.2258 -1.5729
41 17.8451 1.05595 2.6257
42 10.7139 9.33906 3.12344
43 2.55352 11.5663 -2.82877
44 16.9213 6.27525 1.37059
45 3.23622 7.68728 1.30173
46 10.2708 7.9124 0.539404
47 9.1223 16.6416 -1.8959
48 6.5164 17.3265 2.42728
49 18.5242 6.12751 -0.0279639
50 12.5144 5.17028 -1.11396
51 9.72233 2.6246 0.900264
52 2.13537 19.5535 1.11202
53 3.97339 15.4605 -1.59533
54 6.31577 22.2273 1.35124
55 5.81533 7.88187 -2.67129
56 8.78197 11.065 0.152636
57 10.8574 13.6207 -2.20344
58 13.8247 7.70973 1.29565
59 14.1068 18.4538 1.71502
60 11.9997 18.7475 -1.43858
61 13.2924 13.1205 2.2573
62 4.50491 4.34138 -1.65064
63 1.78775 8.61381 1.71614
64 13.6016 9.95481 -0.766774
65 11.1505 16.3655 3.12537
66 14.4722 13.1152 -0.607783
67 10.3223 7.54143 -2.87026
68 15.5294 15.0456 -0.251974
69 10.6916 16.4752 -2.2363
70 18.2651 20.6651 -1.50667
71 17.7994 8.96002 -0.392747
72 13.3542 18.1434 1.78713
73 5.60433 17.8965 0.693721
74 18.5556 5.56312 0.153393
75 4.83574 5.05333 -1.35472
76 8.35632 4.09832 1.95751
77 10.0641 14.518 -0.932944
78 9.22198 15.7085 -0.559998
79 3.13838 18.1486 -2.2826
80 15.3981 14.6302 3.07963
81 7.78374 9.89108 -2.1362
82 5.24605 12.4035 -1.62716
83 1.39874 4.38943 3.02414
84 7.1673 6.1554 1.41547
85 9.86571 2.32747 -2.80885
86 0.325528 5.0522 2.86624
87 12.7168 3.5544 -2.70247
88 13.3754 16.3631 0.832261
89 9.65402 8.70715 -0.882489
90 17.0217 5.87661 1.3853
91 6.67049 10.9345 1.78408
92 16.7609 9.43285 2.49461
93 12.935 11.4065 -0.905311
94 3.5503 5.33293 -0.270542
95 15.6197 6.90333 -0.417997
96 9.99023 -0.737719 -1.36346
97 5.76956 0.408884 1.58392
98 8.68674 20.7449 -3.13743
99 14.8046 8.02392 -0.109348
