100
Particles
0 0.105568 -2.54629 -1.76022
1 34.1751 6.07714 0.191521
2 35.1929 16.261 -0.0482543
3 0.504387 22.8952 2.70934
4 13.1896 16.0393 1.39217
5 2.00578 -3.43831 -2.03725
6 1.48025 -3.51886 -2.03725
7 12.9215 16.4573 1.39217
8 -2.52421 3.41175 -2.17338
9 -0.484431 31.5002 1.84279
10 22.1961 27.5664 1.01516
11 6.64309 -6.71299 -1.61726
12 13.2437 16.5709 1.39217
13 0.0141835 30.4264 1.85746
14 13.7971 15.9767 1.39217
15 11.8541 30.4961 1.29527
16 12.1092 32.1192 1.77661
17 11.3298 32.087 1.77661
18 -6.06229 13.2401 -3.13365
19 21.2396 26.4439 1.07397
20 -8.396 1.66329 -2.63252
21 0.713613 -10.316 -1.71767
22 6.59124 -11.9694 -1.52135
23 -12.3206 12.3976 2.66752
24 25.3593 10.1332 0.401628
25 21.3232 27.311 1.03556
26 1.3402 -4.55286 -2.03725
27 0.0793573 -9.18537 -1.71767
28 -0.306035 31.3389 1.84585
29 -0.144755 -9.68877 -1.71767
30 26.6016 0.902769 -0.689808
31 24.7316 10.4211 0.401628
32 -10.6334 15.7211 2.63999
33 -2.89559 2.7487 -2.17338
34 -13.0777 6.55253 2.69836
35 -2.58221 7.71815 -2.63365
36 20.5246 27.5761 1.0303
37 21.2039 28.0774 1.01929
38 22.757 29.2214 1.0086
39 12.7562 30.6134 1.29527
40 0.402235 31.3085 1.84745
41 5.97937 -7.74763 -1.61726
42 0.549343 -3.5177 -2.03725
43 -3.15129 2.40835 -2.17338
44 20.5343 28.5425 1.02398
45 12.9626 30.2796 1.29527
46 18.1167 24.6072 1.09642
47 13.725 16.7767 1.39217
48 9.97274 21.0614 2.24929
49 11.3298 32.1024 1.77661
50 5.87019 -13.3588 -1.54016
51 21.8977 28.5062 1.01283
52 11.7454 32.5082 1.77661
53 0.796234 33.3197 1.845
54 22.0777 28.3327 1.01283
55 -2.41293 8.30377 -2.63365
56 20.7193 -9.09903 -1.5126
57 22.2544 28.433 1.011
58 12.4107 32.5678 1.77661
59 0.0878402 -10.6138 -1.71767
60 1.71137 -3.42405 -2.03725
61 -6.13215 12.5677 -3.13365
62 -12.2278 13.3207 2.66752
63 20.3973 26.6065 1.05759
64 19.1063 24.6823 1.09642
65 1.91631 -4.07983 -2.03725
66 -11.4959 27.2197 2.58822
67 -11.4694 12.7483 2.66752
68 2.42158 -3.77182 -2.03725
69 6.12637 -11.9697 -1.52645
70 5.57418 -12.4577 -1.53505
71 1.19486 30.3743 1.88299
72 13.3158 15.1269 1.39217
73 0.717052 -9.79911 -1.71767
74 24.8532 10.7127 0.401628
75 -3.37363 3.73888 -2.17338
76 12.6853 16.8223 1.39217
77 0.372163 -10.713 -1.71767
78 -4.85123 27.3505 1.97642
79 -5.37304 26.8748 1.97642
80 20.5504 25.8105 1.06797
81 25.7539 10.3451 0.401628
82 12.1812 31.7096 1.77661
83 19.9049 25.512 1.0673
84 12.2257 16.0286 1.39217
85 -3.11496 3.64483 -2.17338
86 21.497 29.0169 1.01255
87 13.5298 17.0589 1.39217
88 6.10491 -6.78746 -1.61726
89 -10.1484 15.6977 2.63999
90 31.5159 19.6612 0.595294
91 -0.412913 30.0751 1.85915
92 6.01733 -7.28182 -1.61726
93 -5.44658 26.8893 1.97642
94 5.30126 -7.31144 -1.61726
95 -1.11976 31.1693 1.8416
96 0.600568 30.2214 1.8747
97 21.9223 25.7516 1.11382
98 1.01476 -3.77457 -2.03725
99 0.185658 32.6733 1.845
