100
Particles
0 -14.4673 -32.965 -2.02497
1 67.308 12.5015 0.191521
2 68.9036 14.6331 -0.0482543
3 -30.1415 37.0335 2.70934
4 19.1862 49.2523 1.39217
5 -12.8219 -33.7566 -2.02497
6 -13.3369 -33.8423 -2.02497
7 18.9182 49.6703 1.39217
8 -21.6529 -24.3939 -2.17338
9 -9.89806 63.9108 1.85396
10 39.5512 56.5121 1.03203
11 5.07539 -40.4266 -1.61726
12 19.2403 49.7839 1.39217
13 -9.42006 62.831 1.85396
14 19.7938 49.1897 1.39217
15 21.0359 62.9732 1.29527
16 5.2121 65.1569 1.77661
17 4.43273 65.1248 1.77661
18 -39.8112 12.972 -3.13365
19 38.4727 55.4616 1.03204
20 -37.8664 -14.7854 -2.63252
21 -4.22564 -43.7026 -1.71767
22 7.94868 -45.6921 -1.53075
23 -42.3485 27.805 2.66752
24 56.4237 23.3266 0.401628
25 38.6308 56.2853 1.03204
26 -13.4842 -34.8727 -2.02497
27 -4.8599 -42.572 -1.71767
28 -9.72396 63.7482 1.85396
29 -5.08401 -43.0754 -1.71767
30 52.6353 -20.5754 -0.689808
31 55.796 23.6145 0.401628
32 -40.2258 31.9493 2.63999
33 -22.0243 -25.057 -2.17338
34 -43.5664 21.0266 2.69836
35 -32.0712 -8.69711 -2.63365
36 37.8285 56.5526 1.03204
37 38.5446 57.0318 1.03203
38 40.1367 58.152 1.03203
39 21.938 63.0904 1.29527
40 -9.01792 63.7172 1.85396
41 4.41167 -41.4612 -1.61726
42 -14.2123 -33.8673 -2.02497
43 -22.28 -25.3973 -2.17338
44 37.859 57.5066 1.03203
45 22.1445 62.7566 1.29527
46 33.5332 54.6304 1.09642
47 19.7216 49.9897 1.39217
48 -11.2093 47.3365 2.24929
49 4.43265 65.1401 1.77661
50 7.21501 -47.082 -1.53075
51 39.2612 57.4468 1.03203
52 4.84828 65.5459 1.77661
53 -8.34249 65.8089 1.845
54 39.4411 57.2734 1.03203
55 -31.9019 -8.11148 -2.63365
56 22.6824 -42.7919 -1.5126
57 39.6247 57.3695 1.03203
58 5.51363 65.6055 1.77661
59 -4.85141 -44.0004 -1.71767
60 -13.1145 -33.7432 -2.02497
61 -39.8811 12.2995 -3.13365
62 -42.2557 28.7281 2.66752
63 37.641 55.6183 1.03204
64 34.5228 54.7055 1.09642
65 -12.9098 -34.3989 -2.02497
66 -40.2089 44.9573 2.58822
67 -41.4973 28.1557 2.66752
68 -12.4061 -34.0901 -2.02497
69 7.48038 -45.6926 -1.53075
70 6.92243 -46.1808 -1.53075
71 -8.27599 62.7679 1.85396
72 19.3124 48.3399 1.39217
73 -4.2222 -43.1857 -1.71767
74 55.9176 23.9062 0.401628
75 -22.5023 -24.0668 -2.17338
76 18.682 50.0353 1.39217
77 -4.56709 -44.0996 -1.71767
78 -18.1686 58.3619 1.97642
79 -18.6905 57.8862 1.97642
80 37.7661 54.8384 1.03204
81 56.8183 23.5385 0.401628
82 5.28408 64.7474 1.77661
83 37.1052 54.5488 1.03204
84 18.2224 49.2416 1.39217
85 -22.2437 -24.1608 -2.17338
86 38.8613 57.9569 1.03203
87 19.5264 50.2718 1.39217
88 4.53721 -40.501 -1.61726
89 -39.7408 31.9259 2.63999
90 59.4603 38.5866 0.595294
91 -9.84924 62.4791 1.85396
92 4.44962 -40.9954 -1.61726
93 -18.764 57.9007 1.97642
94 3.73356 -41.025 -1.61726
95 -10.5317 63.5803 1.85396
96 -8.85837 62.6187 1.85396
97 39.1285 54.7844 1.03204
98 -13.7997 -34.0993 -2.02497
99 -8.95307 65.1625 1.845
