100
Particles
0 11.9212 7.49128 -2.29915
1 13.8445 17.4905 2.99925
2 13.9174 4.19782 1.80023
3 9.84024 5.99018 -2.92889
4 10.7774 9.58777 -2.10084
5 4.08342 14.1997 -2.87814
6 -0.390394 4.33503 1.60563
7 11.4256 20.6736 2.28221
8 9.46425 8.25319 -2.94615
9 11.6994 2.88484 0.500893
10 12.1034 1.29033 -1.26125
11 8.51833 18.6209 2.09962
12 8.89646 17.1598 2.06659
13 16.7361 3.57951 1.34031
14 3.77816 18.0855 1.56145
15 21.4556 13.8902 -2.0113
16 2.062 2.89728 1.12731
17 17.7187 15.0762 2.06501
18 -0.865813 18.8057 -2.16913
19 8.65749 8.60948 0.0898979
20 6.07315 4.50729 2.89273
21 20.88 19.6331 -0.702837
22 14.0913 11.9371 -1.23204
23 6.81438 2.88539 -2.01954
24 -1.01333 9.79927 -2.02949
25 3.90461 7.31424 -2.22992
26 1.02247 9.81718 -3.09555
27 17.367 14.9881 -3.01514
28 13.0923 7.13287 -3.01079
29 0.542566 10.9693 -0.386425
30 10.9397 8.77698 2.47239
31 1.77895 8.8872 -1.59884
32 10.0212 10.485 -0.264446
33 6.4676 19.5987 0.900553
34 15.16 16.1087 2.78772
35 1.93226 5.526 2.10817
36 18.3269 9.4758 -2.73365
37 11.9218 18.7021 1.8551
38 4.29411 3.60408 -2.3626
39 4.69929 13.8506 2.31958
40 4.73832 19.7483 2.28696
41 19.162 1.81278 2.31851
42 12.1958 8.66725 -2.81461
43 1.23841 11.4367 0.268473
44 18.7865 6.81644 1.77153
45 2.60199 9.41604 -2.32344
46 9.83249 5.51737 0.653468
47 8.64189 17.1758 -2.8072
48 5.9249 16.2558 2.05713
49 18.4307 5.17073 -1.87455
50 11.2055 6.59841 1.73896
51 11.7321 3.35907 -0.590832
52 1.14981 20.2838 -2.03099
53 2.11045 16.5485 3.09139
54 6.10053 22.9448 -2.19883
55 5.11267 8.42517 2.44421
56 8.61288 10.0162 -1.39662
57 11.1046 14.9197 0.578689
58 16.4718 9.70259 1.68401
59 14.2079 19.0428 1.89334
60 12.021 16.6619 -0.83774
61 11.8805 13.2295 -1.64088
62 4.58572 5.92241 -1.72518
63 2.40141 8.96679 -1.45539
64 10.341 11.1066 2.24178
65 12.6526 16.4813 2.92045
66 12.9977 10.8348 -1.12601
67 10.0944 7.38489 2.99004
68 16.2348 14.9025 -1.7606
69 9.84295 14.2207 2.00053
70 19.8094 21.4756 2.3544
71 18.7807 8.45366 -2.41015
72 14.0411 17.4489 -2.30693
73 3.60323 18.7374 -0.192213
74 17.7998 4.37694 1.17364
75 5.20506 5.18958 -1.99071
76 6.94471 4.01787 -2.08778
77 11.0109 16.0296 1.66682
78 9.10508 16.9007 -2.61288
79 3.96905 16.9329 -2.96632
80 17.8881 15.0543 0.193226
81 6.02801 10.1457 2.44752
82 5.52393 12.4803 -1.82028
83 2.67083 5.9042 -0.787766
84 5.50964 9.06376 2.57901
85 10.1773 2.46089 0.843387
86 0.864957 3.90717 1.45848
87 14.3444 2.051 2.39771
88 15.9626 19.5349 1.5613
89 8.30783 7.14677 -1.35445
90 18.3222 7.04437 2.23561
91 8.42477 10.3576 2.44281
92 18.6623 11.4581 1.08355
93 13.716 11.3593 -1.95159
94 2.43551 7.25293 0.201735
95 14.8583 6.56123 -1.57191
96 11.1656 -1.21747 -0.373048
97 6.04797 -0.752771 -1.60475
98 8.62692 19.9137 2.91758
99 14.8997 8.2899 -0.860551
