100
Particles
0 13.0531 6.26175 -0.178463
1 12.9261 16.2008 2.64306
2 15.5668 0.346302 -0.36738
3 11.7086 7.83057 1.92338
4 11.1578 9.98661 2.88245
5 2.75647 14.5271 0.755285
6 -0.0247239 5.16981 -0.22992
7 9.95228 21.4101 -3.12086
8 9.22979 9.14087 -1.70075
9 11.3203 4.62006 -0.152808
10 12.3649 1.14914 -0.386073
11 6.66637 20.1512 0.645129
12 9.44434 18.1792 -2.93558
13 19.2622 5.69132 0.855201
14 4.87205 19.9377 -1.37021
15 21.4104 14.0996 -0.0063427
16 2.25672 2.82663 1.53929
17 17.2694 17.6134 2.58483
18 -1.72844 18.5334 1.53439
19 8.54723 9.53154 -3.06983
20 9.12317 6.1746 -0.791835
21 19.5548 21.2263 -0.648147
22 14.0989 12.6836 -1.55534
23 5.7361 2.00069 -0.715258
24 -1.03345 9.0473 -1.49557
25 3.4007 8.36638 0.108821
26 1.60072 7.79361 1.12026
27 16.7558 13.8431 -2.1606
28 12.5757 7.92243 -2.14956
29 0.302581 12.2796 2.51583
30 9.3 7.58599 1.9554
31 1.36715 9.3088 -0.911602
32 9.85469 9.48219 -3.09068
33 7.05937 20.6302 -0.411936
34 16.8988 15.8588 1.93584
35 4.7771 8.28985 0.0180827
36 20.4071 10.2756 0.342227
37 9.10921 16.2039 -2.32981
38 5.29093 2.56673 0.198768
39 3.46574 17.0298 2.45184
40 6.44344 23.0032 0.717299
41 22.6909 3.1776 -3.05967
42 9.07902 8.7492 -0.157379
43 -1.05737 12.01 -2.42574
44 19.5409 5.31072 -1.48675
45 1.85099 8.57941 0.638479
46 11.3021 4.55993 2.58397
47 10.2032 16.0747 -2.14984
48 5.24907 18.0927 2.98632
49 18.76 5.64223 0.616649
50 11.3168 5.13682 -1.87219
51 14.3603 3.40267 0.922072
52 0.27655 20.0782 0.166952
53 3.21533 14.0479 -1.7916
54 6.47966 23.7484 1.66408
55 4.08922 7.80822 3.04431
56 9.32666 12.3474 1.72871
57 10.4379 11.4315 1.06051
58 15.4581 9.13263 0.421129
59 12.412 22.4262 -2.7508
60 11.4277 17.5207 -2.72112
61 12.0871 12.9731 1.46975
62 5.27218 5.61384 -0.301769
63 2.1207 10.75 -2.64795
64 10.4489 10.5173 0.396492
65 12.9781 16.5624 -2.51378
66 12.1547 12.7433 1.11605
67 11.4297 9.49743 2.78038
68 15.584 15.6538 2.55521
69 9.03379 15.1411 -0.561876
70 18.0124 24.2645 -2.80354
71 16.6675 8.21341 0.912608
72 12.6681 18.2405 2.50832
73 4.6507 17.5324 -1.24154
74 15.6872 5.01425 -1.12851
75 6.13887 4.94517 1.38228
76 8.28238 5.17802 -0.905769
77 11.5914 15.9395 1.57757
78 7.51156 17.9125 2.21719
79 3.56332 18.1451 1.73333
80 18.4449 16.9537 -2.99378
81 4.48017 9.19497 -1.71874
82 5.18241 11.3159 2.53285
83 4.02629 6.22978 0.381042
84 6.51223 10.9962 -1.42297
85 11.9979 2.78768 -1.87152
86 0.815276 4.42323 0.775482
87 12.7 4.02669 -1.06685
88 15.4255 19.735 -0.2367
89 8.85674 8.66636 -2.79814
90 18.8459 7.12231 -2.13701
91 7.83495 10.2466 0.544927
92 18.8809 9.19395 -0.45157
93 16.998 9.26344 -0.940661
94 2.32976 6.26757 0.645131
95 17.0515 6.20375 -1.78545
96 12.055 0.0153804 1.83502
97 7.13304 -1.06302 -0.391383
98 9.16164 19.8868 2.78498
99 13.5902 9.17376 1.52652
