100
Particles
0 13.9392 6.46415 2.45659
1 15.852 16.8129 2.04938
2 16.4274 1.42482 1.09407
3 15.1427 8.16634 0.294214
4 10.1352 8.8159 1.69306
5 1.8961 13.6988 2.12832
6 0.171001 4.93811 -1.76785
7 11.0466 19.9297 2.35727
8 10.7864 8.36364 1.69138
9 10.8781 5.66133 3.12491
10 11.7864 3.55203 2.45719
11 7.64696 18.1159 -2.34658
12 10.1406 18.821 -0.149802
13 20.9103 6.55101 0.0145425
14 5.09535 19.2883 2.19845
15 25.0917 13.0018 1.70146
16 1.15849 3.08869 -1.03313
17 14.9733 19.3668 2.9359
18 -1.35671 19.191 -2.94019
19 7.65476 8.22496 0.562714
20 8.37057 6.27158 -0.526958
21 18.8044 20.3473 2.95597
22 12.3797 8.64263 -2.2728
23 5.20054 2.39283 -0.425769
24 0.0748997 11.273 1.67873
25 3.76528 11.1895 -0.356394
26 1.0517 8.45689 -2.60098
27 15.4101 14.5741 1.93296
28 11.5045 9.62918 -2.84082
29 -0.777998 13.5599 -0.893134
30 8.68696 9.25981 -1.82423
31 1.71872 8.49151 -2.10615
32 8.65848 9.09769 -2.24052
33 9.62825 20.1143 0.977224
34 18.4939 15.1595 0.909221
35 3.15201 6.56205 -0.10875
36 20.0523 11.8253 1.42667
37 8.92692 16.7305 -1.93862
38 6.89172 0.126557 3.77624
39 1.78931 18.0038 2.53617
40 7.37114 21.7279 2.50043
41 25.0009 1.8387 -1.89973
42 9.89625 7.67678 1.4431
43 -2.32801 12.5318 0.227781
44 21.0007 3.27371 -1.45993
45 2.76393 7.18524 -1.12355
46 12.8031 5.37935 2.79347
47 11.5458 13.7979 -2.81506
48 5.14187 20.5931 -1.55945
49 20.5383 6.4232 -1.3794
50 13.4911 5.23694 2.73226
51 14.4576 3.14351 0.936281
52 0.63087 19.9977 -2.86676
53 2.0471 12.8925 1.52903
54 5.1943 25.2986 -0.653246
55 3.68899 9.65151 -1.62508
56 9.22134 15.1382 1.73592
57 11.4519 7.52741 -2.87368
58 14.1208 9.3321 2.8145
59 13.5961 20.9078 -1.17886
60 9.48485 16.8109 -0.0546401
61 14.1085 12.5527 -2.2043
62 5.93498 4.97444 1.81226
63 1.84276 12.28 -3.09451
64 9.57019 11.9665 1.73806
65 13.0151 16.4773 -1.53865
66 13.6602 12.5324 -1.37749
67 9.84377 8.40567 -2.39315
68 14.5422 15.7055 -1.19473
69 9.31316 15.9606 -1.9415
70 17.7683 21.8916 -1.73492
71 15.6534 7.72184 1.05934
72 13.3481 18.9559 3.02665
73 5.03244 13.706 2.88443
74 14.9991 5.03458 1.56422
75 8.83169 4.85057 -0.256222
76 6.48913 7.15546 0.694766
77 13.6532 16.243 1.21682
78 6.94954 17.8657 -0.815624
79 4.17197 17.4726 -2.66121
80 18.0509 14.0201 0.478409
81 0.428959 9.91073 0.798778
82 4.20619 11.7471 -3.1134
83 5.04817 6.32519 -1.23689
84 6.41742 12.5087 2.57587
85 12.0537 3.02965 2.08713
86 1.55043 4.84966 -2.06155
87 12.1317 3.26454 -1.26472
88 16.9516 19.0967 -1.32734
89 7.72168 9.33718 2.24622
90 19.5157 8.03289 -0.882874
91 7.28691 9.59992 -1.1822
92 20.8136 9.82183 -1.95218
93 16.0481 9.53332 -2.24723
94 3.00466 8.83676 -2.78237
95 17.0015 8.21615 -1.75142
96 12.2198 2.04703 0.816611
97 7.65962 -1.86827 -2.283
98 9.45689 20.5538 -0.603215
99 12.8344 11.005 -0.420096
