100
Particles
0 10.843 7.5239 1.87992
1 14.5962 19.4864 -1.07627
2 14.2429 2.93091 -1.75929
3 8.96835 4.42189 -2.62101
4 11.0877 8.40505 -0.927083
5 6.07689 14.6947 -0.100101
6 0.305278 4.27628 -2.99968
7 12.0757 20.4843 0.942911
8 9.33476 8.03699 -0.633085
9 11.4015 1.83513 -2.03489
10 11.0504 3.41217 0.325926
11 9.51535 20.1747 -1.34114
12 8.30851 16.6895 -0.149709
13 16.9587 2.47189 -0.888074
14 3.2161 16.3084 -0.719416
15 20.5402 15.2146 2.59486
16 3.53446 2.98823 -1.72737
17 16.9854 15.2978 0.421112
18 -0.934439 17.0352 2.20734
19 11.2063 8.93451 1.12518
20 6.62968 5.57172 2.80221
21 18.8068 19.004 -1.34688
22 14.8594 13.1898 1.87815
23 6.36611 4.24195 -2.08518
24 -0.109997 9.2688 -2.44535
25 5.04861 8.15283 -2.7864
26 2.19882 10.4077 -1.53861
27 17.8428 14.2532 0.261851
28 14.5672 6.29273 -2.69898
29 0.47912 12.8564 -2.8752
30 10.8209 8.70494 -2.94057
31 1.94996 8.63095 3.1039
32 9.14365 9.92063 3.04174
33 7.18903 18.859 2.4364
34 14.203 15.8914 -0.957173
35 1.02581 5.6651 -2.79748
36 19.3915 7.9377 0.11448
37 11.5916 17.5838 0.0785464
38 4.44269 2.78961 -0.573581
39 3.78141 12.2439 1.33815
40 4.29042 19.2685 2.40243
41 17.9939 0.69783 -1.57844
42 11.2237 9.59402 -2.36678
43 2.84944 11.489 -0.799839
44 17.6181 6.62702 1.51717
45 3.94849 7.91872 1.8005
46 10.6706 7.32065 0.826833
47 8.95346 16.5422 -2.2929
48 6.93703 17.0412 -0.488034
49 18.6978 5.55714 2.71539
50 11.5983 5.76727 -0.367123
51 9.57088 2.48554 -2.26944
52 1.79814 19.5208 -2.52574
53 4.3121 16.4116 1.54144
54 5.72062 22.1475 -1.5141
55 6.15634 8.25704 -0.982209
56 8.58833 10.0678 -2.53888
57 11.433 13.7843 1.47621
58 14.5429 7.89279 0.0348875
59 14.1637 18.7962 -2.84982
60 12.8461 17.8282 -1.07799
61 13.501 13.584 2.59818
62 4.49969 4.44501 -1.82995
63 2.89865 8.53047 -0.563598
64 12.2984 10.0734 -2.75105
65 10.9395 16.0146 -0.247904
66 14.3121 12.5077 -0.588996
67 11.3922 7.16561 -0.0213537
68 15.0309 14.5219 -2.37488
69 10.2108 16.5994 1.15939
70 19.1656 20.5559 0.672712
71 18.3578 8.52775 0.0512454
72 12.9128 17.2489 -2.65798
73 4.9513 18.9098 1.47403
74 18.0467 4.4664 -2.10691
75 4.94159 5.09993 -1.53601
76 8.1458 3.81864 0.0454883
77 9.63012 13.6898 -0.895767
78 9.19427 15.2413 -0.715898
79 2.85927 17.2492 -2.93653
80 15.3838 15.2391 0.318691
81 8.38003 9.57748 0.0547883
82 5.07196 12.4421 1.83876
83 2.07259 4.42129 -0.0125705
84 5.89734 6.16851 1.27407
85 10.6701 2.8191 -0.402164
86 0.391354 4.7281 0.8354
87 12.8093 2.97164 -0.813822
88 14.0952 17.1474 0.0577019
89 10.1418 8.14361 2.28175
90 17.7886 5.92196 0.28078
91 7.25692 10.4193 -0.697457
92 17.1765 10.0805 1.19303
93 13.3845 11.992 1.0413
94 2.99553 5.77116 2.97499
95 15.9399 6.38547 -2.37308
96 9.54313 -0.879274 -2.40071
97 5.78864 0.38801 0.7309
98 8.33196 20.7801 2.5364
99 14.3136 8.13793 2.57308
