100
Particles
0 11.8085 6.65998 -2.57017
1 12.3873 16.458 2.87283
2 15.2691 0.651891 -1.25655
3 10.463 7.2419 -0.191056
4 11.1099 10.3504 2.71273
5 3.49587 14.1673 1.03415
6 -0.533117 4.46876 -1.41385
7 10.1334 21.0976 -2.1123
8 9.06337 10.3444 3.0922
9 12.2646 2.99724 1.33817
10 12.9043 1.93361 1.38364
11 7.40552 20.3227 2.80032
12 9.2059 17.4399 -0.908886
13 17.6682 4.23718 -1.78127
14 4.49921 20.7523 0.0754591
15 22.3532 14.3395 -2.88308
16 1.9089 2.83154 2.35305
17 18.4551 16.6437 -0.739397
18 -0.854661 18.9101 3.02012
19 7.87554 8.51037 2.59328
20 8.43857 6.48651 0.176089
21 19.8282 21.3863 -1.80394
22 13.2328 11.7392 0.463548
23 5.0081 2.44872 1.99446
24 -0.707381 9.82327 2.79214
25 2.55714 8.3921 -0.935717
26 1.32722 8.07504 -0.347175
27 17.4319 14.6527 0.758684
28 11.9811 8.21254 2.37667
29 0.120845 12.4177 2.09213
30 9.69825 7.88285 -2.15497
31 0.855581 9.53167 0.236339
32 9.42014 9.49127 -1.13074
33 6.18028 20.1737 2.39128
34 16.1648 16.9736 -1.18655
35 4.36908 7.56774 1.64822
36 20.204 8.95379 -0.913558
37 8.58979 17.2473 -2.97122
38 4.88249 4.74773 2.68911
39 4.53376 16.0747 -1.78681
40 5.58416 21.9029 0.53047
41 23.2169 2.25524 -0.393935
42 8.45675 9.05626 2.40889
43 -0.362954 13.2589 0.557594
44 19.8764 6.29626 1.93351
45 1.44291 8.40825 -0.489989
46 11.0842 5.35216 2.11815
47 8.91541 16.8182 2.91626
48 4.28328 17.9859 -0.482148
49 18.4467 5.917 2.42296
50 10.6401 3.96042 -2.4168
51 14.4227 4.25827 0.087469
52 -0.202133 19.9028 -2.4338
53 2.98729 15.788 -1.19706
54 5.97072 24.3665 -1.76213
55 4.54439 9.29585 0.736524
56 8.72978 11.8074 0.704637
57 10.1241 11.3956 -2.47875
58 14.6857 10.4924 -2.11876
59 13.8638 20.8421 -0.247999
60 13.1231 17.0486 2.71057
61 12.6192 13.0397 1.06847
62 3.65248 5.76318 -0.404296
63 2.16396 10.0456 2.51915
64 9.86602 9.70746 -0.456313
65 12.583 15.8553 -2.27363
66 12.6135 12.6672 -1.08324
67 10.5485 8.7926 -2.32597
68 15.5645 16.0996 -1.89586
69 9.95231 14.5978 2.69363
70 18.7366 23.0448 0.0374175
71 16.2024 8.24661 1.32829
72 13.6169 17.8015 -2.30412
73 3.80498 17.6224 -2.17174
74 16.7584 5.45599 0.712334
75 5.12791 4.97307 0.058052
76 8.4352 3.94557 -1.01543
77 10.9889 16.011 1.04451
78 7.48821 17.7183 -0.973661
79 3.67481 18.0268 -1.86459
80 18.3825 15.5116 2.04393
81 5.64298 8.86655 1.61727
82 5.53296 12.0536 -1.721
83 3.07324 6.27722 0.0422363
84 5.83516 10.262 2.43057
85 10.918 2.97361 2.03623
86 0.863254 4.06349 2.48865
87 13.0497 3.49497 1.30936
88 15.3059 20.6375 -0.894821
89 9.11271 8.54061 -2.06743
90 19.0632 7.24892 -0.796333
91 8.70563 9.93256 -0.758785
92 18.2882 9.6276 2.25911
93 16.411 10.7148 -0.115563
94 2.45732 6.10744 0.0174051
95 16.7209 7.07473 -2.63817
96 11.8713 0.0279085 -2.00154
97 7.42978 -1.30522 1.8462
98 9.4199 20.1955 -0.846423
99 13.3982 8.32757 0.203975
