100
Particles
0 12.2016 6.39809 -2.59079
1 14.0278 16.4479 2.46008
2 14.2126 1.88303 -2.74725
3 10.2784 6.60651 -2.94201
4 10.4499 9.92585 -1.84714
5 3.46398 14.3811 2.99601
6 -0.506184 5.32666 -1.01939
7 10.687 20.7009 0.467018
8 8.63647 8.28596 -0.696759
9 11.5991 2.8267 -2.35823
10 13.0491 1.1311 2.77496
11 8.92017 19.4864 -0.911003
12 9.38421 17.5024 2.55508
13 15.8361 4.14457 2.99841
14 3.74738 19.4408 0.515404
15 21.6319 13.2016 2.04917
16 1.67805 3.85923 -2.9958
17 18.0568 15.1082 1.13513
18 -0.618226 19.6605 0.714143
19 8.5184 9.16493 -1.76002
20 6.62378 4.76808 -2.42603
21 20.0651 20.2477 2.35049
22 13.138 11.0124 3.06455
23 7.06513 2.62059 -2.25036
24 -0.550531 9.77407 -0.651106
25 3.22353 8.23471 -2.10622
26 1.55303 9.57182 -1.60959
27 17.4086 15.0725 2.99989
28 12.8746 7.94778 -0.495491
29 0.350051 11.5734 0.69239
30 10.8062 8.3129 -0.761627
31 0.719091 9.90108 1.82883
32 9.01437 11.2068 1.10221
33 6.16889 18.8741 2.33103
34 14.8093 17.0964 -0.0113496
35 3.04598 5.03141 -0.312867
36 19.3568 9.14088 -2.39937
37 10.5977 19.3897 2.83671
38 3.78893 4.4173 -2.74041
39 5.46672 14.2621 -1.10883
40 4.03563 20.5784 1.97631
41 19.8598 2.00561 -1.60764
42 10.8237 8.6566 -0.036294
43 0.0271195 12.7123 -1.36527
44 18.4981 7.24626 -2.64841
45 2.0128 9.41399 2.62831
46 10.2986 4.65006 -0.384331
47 9.38721 17.4382 3.00282
48 5.86378 16.9 1.78271
49 17.2105 5.33575 2.85749
50 10.8951 5.62047 1.48801
51 12.8555 3.71094 -1.65136
52 1.33892 20.1913 -2.08942
53 1.08307 16.4924 1.74965
54 7.13988 22.9208 0.99118
55 4.28982 8.27913 -2.35668
56 7.91671 9.92146 -0.320278
57 11.0577 14.0229 -0.854103
58 15.4685 10.6557 2.80407
59 14.3548 20.2611 2.83287
60 11.6669 17.1227 1.9905
61 12.1029 12.83 -0.545315
62 3.70577 5.89486 0.736763
63 2.66152 8.64955 -1.97973
64 10.1138 10.2576 2.45412
65 12.0308 16.1177 1.29586
66 14.335 11.3124 0.656883
67 10.1512 8.24563 2.01666
68 15.8538 15.5003 2.42348
69 10.6873 15.738 -1.35403
70 18.6793 21.9448 -1.29179
71 19.066 7.73303 -0.289445
72 14.3684 16.2076 2.33753
73 4.54071 18.0778 -1.44136
74 17.217 5.11352 -0.0965539
75 5.01292 4.49287 -2.39038
76 7.88547 3.64618 0.156648
77 10.0861 15.2809 0.232984
78 8.59625 17.7134 -0.414774
79 3.48056 18.1166 1.99088
80 18.1213 15.0989 -1.75116
81 6.20001 10.0039 2.4028
82 5.59898 12.5566 -1.07118
83 2.69823 7.50534 1.17179
84 6.00837 9.73355 1.36719
85 10.9975 1.77287 0.629012
86 0.154442 3.91779 1.7005
87 13.4455 3.50526 -2.8131
88 16.1677 19.7618 2.38744
89 9.66191 9.36355 0.514216
90 18.8881 7.06874 1.60903
91 8.2596 10.5549 -3.01371
92 17.4617 11.0168 2.50923
93 14.5318 11.3611 1.84811
94 2.41732 6.72374 1.64628
95 15.7343 7.77634 -0.585748
96 11.1351 -0.80417 0.144702
97 5.80591 -1.05891 -1.78101
98 8.40516 20.1177 -2.89264
99 14.6446 9.08871 -1.25343
