100
Particles
0 9.63083 6.83791 2.47056
1 13.2209 19.1182 2.58218
2 15.3127 3.3347 -0.369286
3 7.75413 4.03007 2.6899
4 10.9813 7.41291 -1.51977
5 6.19994 14.184 1.70225
6 1.05337 3.7183 1.67208
7 12.8785 20.7284 0.555361
8 10.2043 8.04474 1.84102
9 10.4123 3.5012 -0.640057
10 10.6651 2.53435 -2.6159
11 9.87242 19.8045 1.02579
12 8.30664 17.7336 1.15685
13 15.0541 2.58999 -0.89664
14 4.04429 16.8949 -0.724005
15 20.1687 16.3973 -1.46444
16 5.23936 5.18051 2.35971
17 16.6132 14.5207 -0.201441
18 0.282409 16.8984 -0.347854
19 12.2056 9.29604 -2.57457
20 5.1181 6.67961 -1.58397
21 19.4806 18.6839 -0.32363
22 15.2278 12.0966 1.67192
23 7.63481 5.01888 1.82366
24 -0.133641 9.09206 -3.00864
25 5.18777 8.26588 -1.99082
26 2.42794 10.572 -1.01463
27 16.3419 13.5146 2.3237
28 14.9789 6.70126 -1.87945
29 1.61667 13.2015 -0.632275
30 11.3751 8.65788 -0.26346
31 1.71184 8.52316 0.743008
32 8.86322 9.99177 2.53312
33 8.58683 19.4023 2.43804
34 13.5413 15.824 2.6177
35 0.374884 5.99381 2.03111
36 20.219 7.29976 -1.05809
37 11.5188 18.5854 1.46905
38 5.05843 4.36217 -2.31755
39 4.5406 11.1784 -0.0430873
40 3.76266 19.191 2.04934
41 18.2095 1.87227 -1.24894
42 11.3091 9.94324 -0.0545487
43 2.25621 11.1732 -1.21529
44 16.3721 6.19 -2.61959
45 1.96516 7.51038 0.200264
46 10.9685 6.70042 3.03508
47 10.1298 16.0177 0.00950593
48 5.94693 17.812 1.34803
49 18.331 6.80121 -0.683466
50 13.1371 5.65216 -3.11172
51 8.78439 1.95156 1.38807
52 0.873928 19.8575 0.017588
53 4.43906 16.0803 0.885616
54 5.96121 19.9414 1.00153
55 5.05141 7.66408 -0.978589
56 9.34955 10.7851 -2.10628
57 11.2011 14.587 1.03705
58 12.7169 6.56999 2.80902
59 12.9404 18.0547 2.44239
60 10.6461 19.8573 0.429027
61 11.6386 11.9964 -2.69644
62 4.84997 4.11983 -3.09871
63 2.0278 8.65108 -0.28579
64 13.0062 8.98221 -1.83513
65 11.5998 16.9883 0.154728
66 14.1881 14.7018 -0.401974
67 12.1762 7.45128 1.91737
68 15.2803 15.4281 1.00235
69 10.8439 16.4123 -1.16662
70 17.7757 20.2522 -2.59458
71 17.5241 9.98603 2.62404
72 14.2336 18.8306 0.305276
73 6.66103 16.5663 -3.07029
74 18.8579 6.39873 -2.58461
75 5.39002 4.8866 0.300714
76 8.0336 2.35968 0.840401
77 8.20053 15.3934 0.866979
78 8.5644 15.6977 2.62558
79 3.24983 18.8111 -1.66863
80 15.5944 13.3493 -2.8178
81 6.96051 11.332 -0.424824
82 5.15339 13.9065 -1.67519
83 0.870641 4.83661 2.52838
84 7.32776 5.84001 1.26248
85 10.4053 2.54055 -1.22627
86 1.78425 6.67751 1.52592
87 14.3203 4.54051 -2.17354
88 14.9585 14.8976 -0.163705
89 10.3571 9.07558 1.75362
90 17.291 6.66028 2.57177
91 6.63732 10.9673 -0.794191
92 17.0328 10.1398 0.395719
93 12.8337 10.4961 -2.16301
94 3.69652 5.85939 1.96482
95 15.7719 7.29908 -0.499976
96 9.48105 -0.253857 -3.05924
97 6.30339 0.19618 0.117997
98 9.8992 20.4862 2.94915
99 13.6389 7.42128 1.55411
