100
Particles
0 12.9722 6.89452 -2.5918
1 13.0569 16.8429 1.38824
2 14.0062 2.21853 1.98583
3 9.24946 6.3009 1.61444
4 11.8442 10.4054 1.05169
5 3.45034 13.4293 -1.55967
6 -0.906943 5.2789 -2.29398
7 10.3265 21.0782 1.38258
8 8.62814 9.82526 1.85812
9 11.2365 2.99895 -0.988002
10 13.6871 1.08288 0.134088
11 8.67931 19.1926 -2.11102
12 9.66252 17.7474 0.683181
13 16.1748 5.02134 0.54845
14 3.36476 19.2099 1.92272
15 22.548 13.7773 1.50596
16 1.07188 3.65846 -2.46601
17 18.0868 15.1978 0.232868
18 0.5834 19.0977 -0.223638
19 9.11398 8.73031 1.54426
20 7.54968 5.66591 -0.760838
21 19.6924 21.7109 1.38346
22 12.5237 11.4095 2.40768
23 6.67773 1.71804 -1.79424
24 -1.64981 10.0217 -3.0092
25 2.98687 7.95303 1.36812
26 1.12147 8.11267 -2.99897
27 17.7527 13.9736 2.25862
28 13.5033 7.30441 2.99875
29 0.2076 12.1271 2.76282
30 11.145 7.83231 1.13758
31 1.43249 9.48418 1.16443
32 9.44412 10.6 -2.79402
33 6.69397 19.291 -1.32019
34 15.9054 16.77 -0.16728
35 3.71425 6.6186 2.1696
36 19.7042 9.69454 1.10958
37 10.4717 18.3915 -2.63155
38 4.34527 4.15524 -1.12683
39 4.72083 15.0068 2.32698
40 4.67058 20.7255 -2.37053
41 20.7055 2.10353 -0.810543
42 10.3431 8.59231 1.99696
43 -0.157298 12.8859 -2.41252
44 18.5494 7.1964 -1.09049
45 1.99918 9.56377 -1.61324
46 11.1197 4.58621 -0.374523
47 9.96003 17.4066 1.47492
48 5.38044 17.8503 2.04085
49 17.7366 4.91792 -0.253444
50 10.7401 5.24098 1.63346
51 12.4366 4.18647 1.60335
52 0.250635 20.0427 2.09055
53 2.26211 16.1224 -1.84539
54 6.65482 22.5521 -2.99165
55 4.55159 7.43407 -2.14509
56 7.82606 10.5329 -0.660249
57 10.245 13.2087 -2.70689
58 15.1531 10.4878 0.744253
59 13.6162 19.7835 2.89602
60 12.4351 16.8322 1.52602
61 11.865 13.5355 2.36959
62 4.09836 7.21839 1.6671
63 2.61178 8.2625 -0.500474
64 11.0741 9.81667 -1.26928
65 12.1839 15.0651 -2.13257
66 13.5264 11.9477 -1.78035
67 10.3633 7.9108 3.01594
68 15.5127 15.8574 2.05403
69 10.2241 14.9663 -0.194785
70 18.6289 22.4766 0.792748
71 18.7015 7.10816 -1.49748
72 14.0883 16.2111 0.50704
73 4.68931 18.4386 2.44434
74 16.728 6.0168 0.547671
75 4.53373 3.76708 2.1121
76 7.58004 3.49032 1.80826
77 9.93 15.7042 -1.22112
78 8.05307 18.1441 -2.48426
79 4.11871 18.8054 1.59474
80 18.4639 14.9661 -0.717665
81 5.96081 9.32865 -1.67722
82 6.05302 11.5506 -2.82414
83 3.43144 7.11764 -1.46193
84 6.39798 9.57406 2.91146
85 11.4504 2.17141 0.0682848
86 0.535027 4.13475 -1.86214
87 13.816 3.78235 -0.37905
88 15.4252 19.7158 0.460308
89 9.76066 9.90066 -2.40675
90 18.6919 7.24889 -2.45615
91 8.05217 10.4695 2.07549
92 17.9872 9.20524 -0.644152
93 15.7215 10.7446 -1.32988
94 1.46495 6.18778 -1.16927
95 16.3261 8.00687 -0.173437
96 11.5129 -0.405897 0.029944
97 5.13711 -1.00729 1.35879
98 8.70943 19.5582 0.3756
99 14.1076 8.4481 -2.93742
