100
Particles
0 13.9506 5.79383 0.979064
1 15.324 16.4349 0.211499
2 16.3285 0.358188 1.67772
3 12.8186 8.31243 -1.95879
4 10.6932 9.48984 -2.51475
5 2.37358 13.8704 -2.80917
6 -0.00241503 5.33701 -1.04116
7 11.2499 20.6544 1.41953
8 10.0386 8.89962 1.22649
9 12.0261 4.86918 -0.246933
10 12.7026 2.55451 0.999922
11 7.75761 20.0236 2.16994
12 8.69403 17.579 -1.19298
13 20.657 6.13545 -0.388533
14 4.69232 19.8286 2.80998
15 22.9772 13.8803 -0.559961
16 2.10034 2.81186 -1.73869
17 17.2539 19.3024 0.227338
18 -0.798159 19.5365 -2.10585
19 7.60803 9.35074 -1.96595
20 8.58463 6.83209 -2.8747
21 19.353 20.764 0.28568
22 13.6751 11.8701 1.67382
23 6.53198 1.20155 0.846129
24 0.116246 10.2319 1.34909
25 3.73022 9.17166 -1.32858
26 0.711384 8.42595 1.82143
27 15.3233 13.9906 -2.79714
28 12.3951 9.93524 1.93236
29 -0.93602 12.9121 0.693006
30 10.2791 8.92343 -1.62398
31 1.92713 9.34703 1.68943
32 7.31329 10.4593 2.18163
33 9.60729 19.6631 0.64223
34 17.1869 14.0352 -1.57086
35 4.03005 5.78173 -0.14859
36 21.2396 10.8353 0.558171
37 8.09446 16.057 2.4753
38 7.22342 1.0261 -0.943677
39 2.05366 16.4294 -2.1883
40 6.69203 22.1703 -2.66646
41 23.6527 3.89038 1.45447
42 9.68839 7.0409 1.43226
43 -2.38498 12.2385 1.79591
44 19.9442 3.76326 0.240131
45 2.7281 7.91774 -0.576337
46 11.5888 4.17471 -0.181474
47 11.5072 16.2947 -0.388046
48 5.26014 19.715 -2.358
49 20.3089 7.78123 -1.65358
50 12.3617 5.59492 0.300106
51 13.5283 3.21512 -2.35617
52 0.84387 20.228 -2.98646
53 3.08919 14.557 -1.70797
54 5.44851 24.1805 0.936431
55 2.48182 7.54812 -0.82464
56 6.7621 13.1286 -2.19067
57 11.9062 9.68127 -0.617475
58 14.9196 9.01403 -2.13337
59 12.3313 22.6444 0.592103
60 10.4096 17.037 2.82791
61 14.1665 14.518 0.659963
62 5.34939 5.17177 -2.56122
63 1.61386 11.2219 3.11239
64 8.98953 10.167 1.69108
65 13.3007 15.4061 -2.54363
66 13.237 12.6314 -0.423167
67 10.1883 8.99266 1.26397
68 15.8918 16.5151 -1.55571
69 8.65793 15.6284 1.94164
70 18.7685 23.0227 -0.0687953
71 16.2955 7.77242 2.03095
72 13.2719 19.1551 -2.5557
73 5.44459 15.9882 2.9751
74 15.6625 3.87481 1.05492
75 6.41348 5.97912 1.40766
76 7.65809 6.84997 -1.23518
77 13.2333 15.954 -1.42707
78 7.96313 17.6255 -3.05561
79 4.89034 17.2118 -2.93899
80 17.71 15.0344 1.55344
81 2.04364 11.3588 2.36126
82 5.31228 10.4862 -1.05471
83 4.17462 6.54099 -1.9001
84 7.11415 11.2821 1.04468
85 13.0293 2.22153 -1.77908
86 2.17821 4.97123 -0.140425
87 12.5817 4.55175 3.04353
88 15.9481 19.8148 0.915763
89 8.06634 9.2872 1.81421
90 19.1434 8.31485 3.11588
91 6.80083 10.4077 -0.679098
92 18.3586 9.58272 -2.91893
93 17.4246 8.61936 1.24946
94 4.14109 8.80776 -1.35253
95 16.8014 7.09153 -2.20164
96 11.9673 -0.382276 -2.00829
97 6.71457 0.0697886 3.65976
98 7.90718 19.8473 2.97106
99 13.6338 10.287 -2.53015
