100
Particles
0 -10.1897 -24.2034 -2.02497
1 57.7363 10.6456 0.191521
2 59.165 15.1034 -0.0482543
3 -21.2882 32.9491 2.70934
4 17.4538 39.6575 1.39217
5 -8.54434 -24.995 -2.02497
6 -9.0594 -25.0807 -2.02497
7 17.1858 40.0754 1.39217
8 -16.1268 -16.3612 -2.17338
9 -7.17401 54.5491 1.85396
10 34.5487 48.1433 1.03203
11 5.52828 -30.6871 -1.61726
12 17.508 40.189 1.39217
13 -6.69601 53.4692 1.85396
14 18.0614 39.5948 1.39217
15 18.3834 53.5909 1.29527
16 7.2046 55.6127 1.77661
17 6.42523 55.5805 1.77661
18 -30.0615 13.0494 -3.13365
19 33.4703 47.0928 1.03204
20 -29.3527 -10.0336 -2.63252
21 -2.79875 -34.0576 -1.71767
22 7.55836 -35.9499 -1.53075
23 -33.6738 23.3539 2.66752
24 47.4496 19.5152 0.401628
25 33.6283 47.9164 1.03204
26 -9.20666 -26.1111 -2.02497
27 -3.433 -32.927 -1.71767
28 -6.99991 54.3865 1.85396
29 -3.65711 -33.4304 -1.71767
30 45.1144 -14.3706 -0.689808
31 46.8219 19.8031 0.401628
32 -31.6769 27.2611 2.63999
33 -16.4982 -17.0242 -2.17338
34 -34.7586 16.8452 2.69836
35 -23.5522 -3.95492 -2.63365
36 32.826 48.1837 1.03204
37 33.5421 48.6629 1.03203
38 35.1343 49.7831 1.03203
39 19.2855 53.7081 1.29527
40 -6.29387 54.3554 1.85396
41 4.86456 -31.7217 -1.61726
42 -9.93477 -25.1057 -2.02497
43 -16.7539 -17.3646 -2.17338
44 32.8566 49.1377 1.03203
45 19.492 53.3744 1.29527
46 29.0796 45.957 1.09642
47 17.9893 40.3948 1.39217
48 -5.09008 39.746 2.24929
49 6.42515 55.5959 1.77661
50 6.82468 -37.3398 -1.53075
51 34.2587 49.0779 1.03203
52 6.84078 56.0017 1.77661
53 -5.70242 56.4231 1.845
54 34.4387 48.9045 1.03203
55 -23.3829 -3.3693 -2.63365
56 22.1153 -33.0584 -1.5126
57 34.6222 49.0006 1.03203
58 7.50613 56.0613 1.77661
59 -3.42452 -34.3554 -1.71767
60 -8.837 -24.9816 -2.02497
61 -30.1314 12.377 -3.13365
62 -33.5809 24.2771 2.66752
63 32.6386 47.2494 1.03204
64 30.0691 46.0321 1.09642
65 -8.63224 -25.6373 -2.02497
66 -31.914 39.8331 2.58822
67 -32.8226 23.7046 2.66752
68 -8.12853 -25.3285 -2.02497
69 7.09006 -35.9504 -1.53075
70 6.5321 -36.4386 -1.53075
71 -5.55193 53.4062 1.85396
72 17.5801 38.745 1.39217
73 -2.79531 -33.5407 -1.71767
74 46.9434 20.0947 0.401628
75 -16.9763 -16.034 -2.17338
76 16.9496 40.4405 1.39217
77 -3.1402 -34.4546 -1.71767
78 -14.3214 49.4031 1.97642
79 -14.8432 48.9273 1.97642
80 32.7637 46.4695 1.03205
81 47.8442 19.7271 0.401628
82 7.27658 55.2031 1.77661
83 32.1028 46.1799 1.03205
84 16.49 39.6467 1.39217
85 -16.7176 -16.1281 -2.17338
86 33.8588 49.5881 1.03203
87 17.7941 40.677 1.39217
88 4.9901 -30.7616 -1.61726
89 -31.1919 27.2378 2.63999
90 51.3875 33.1192 0.595294
91 -7.12519 53.1174 1.85396
92 4.90252 -31.2559 -1.61726
93 -14.9167 48.9419 1.97642
94 4.18645 -31.2855 -1.61726
95 -7.80769 54.2186 1.85396
96 -6.13432 53.257 1.85396
97 34.1261 46.4156 1.03204
98 -9.52215 -25.3378 -2.02497
99 -6.31299 55.7767 1.845
