100
Particles
0 11.1408 7.17023 0.801605
1 14.5129 19.4589 -1.12803
2 14.0634 3.28261 1.95456
3 8.97641 4.4088 -0.334729
4 11.1662 8.7063 -2.15492
5 5.65921 14.5354 1.69255
6 0.787901 4.22672 1.53134
7 11.8965 20.5299 2.39458
8 8.88973 8.24162 -2.62194
9 11.3143 2.20988 -0.243684
10 10.5968 3.20747 0.521189
11 9.28267 20.2403 2.27582
12 8.27147 16.8622 2.55836
13 16.8559 2.42195 -1.25412
14 2.79605 16.38 2.16248
15 20.521 15.1759 -2.53079
16 3.41246 3.42643 0.646532
17 16.9499 15.0362 2.92649
18 -0.671324 16.612 2.74841
19 10.903 8.55325 2.02622
20 6.61799 5.52427 2.70399
21 18.7416 19.4976 3.09484
22 14.9744 12.7046 -0.0790688
23 6.43923 4.70457 2.71529
24 0.0448975 9.18188 -0.537245
25 5.03527 8.20615 1.10304
26 2.26341 10.4184 -0.389363
27 17.3578 14.1319 0.773953
28 14.5864 6.25927 1.54818
29 0.697814 12.6732 1.15779
30 11.1984 8.96685 -0.19288
31 2.01851 8.79369 -0.717039
32 9.39324 9.64571 1.9368
33 7.40033 18.9461 -2.104
34 14.0302 15.8475 -2.38266
35 1.07254 5.91353 -2.26484
36 19.3319 7.74517 0.193194
37 11.3413 17.8142 1.76656
38 4.09404 3.13329 0.527736
39 3.6154 11.7754 0.420052
40 4.36765 18.8743 -2.08328
41 17.8457 1.14771 1.91891
42 11.208 9.92619 0.0801126
43 2.70322 11.4199 0.545063
44 17.54 6.61886 1.37045
45 3.75548 7.66949 0.698339
46 10.2576 7.19272 -1.01416
47 9.00082 16.9503 -2.16579
48 6.95668 17.2268 -0.729827
49 18.9854 5.6965 -0.718854
50 11.6097 5.80589 2.35852
51 9.72786 2.427 0.584917
52 2.20154 19.8161 1.8328
53 4.17817 15.9461 2.9967
54 5.46095 22.3499 1.86491
55 5.89616 8.24642 1.65857
56 8.82435 10.4577 -2.64049
57 11.5517 13.7409 1.02566
58 14.0938 7.73305 1.08748
59 14.1857 18.7448 -0.818808
60 12.6972 17.8004 -0.629589
61 13.4692 13.409 -1.91538
62 4.48042 4.45096 -0.0116057
63 2.49283 8.82112 0.331952
64 12.7689 10.0965 1.01654
65 10.9345 15.9977 -1.65734
66 13.8544 12.6368 -2.6929
67 11.2318 7.40439 0.0146316
68 14.965 14.6505 -1.65507
69 9.92685 16.2009 2.72156
70 18.889 20.6367 -1.28045
71 18.1861 8.75247 -2.46564
72 13.0532 17.6016 0.509586
73 5.16086 18.7498 1.72244
74 18.3503 4.5037 -1.43428
75 4.94372 5.59955 1.67777
76 7.82237 3.56838 -2.09779
77 9.43757 13.6376 -2.60775
78 8.76387 15.3418 -1.31296
79 3.35402 17.3023 -2.2394
80 15.3953 15.1376 0.603441
81 8.37043 9.63371 1.37185
82 5.1722 12.4486 -2.84719
83 1.64799 4.60334 -1.49668
84 6.05696 5.83808 -2.36242
85 10.6867 2.8762 0.0477209
86 0.452402 4.64353 -2.60706
87 12.478 3.34581 2.30637
88 13.8883 16.8866 1.11909
89 10.055 7.95086 -1.56171
90 17.7766 5.75074 -0.210521
91 7.05473 10.3301 0.171871
92 16.9442 10.0552 -2.96923
93 13.0561 11.6291 2.04464
94 3.4478 5.87175 2.20683
95 15.8848 6.47353 1.71129
96 9.87763 -0.910515 -2.79196
97 5.73999 0.429921 0.5784
98 8.35961 20.4623 2.13393
99 14.7464 8.11803 0.538642
