100
Particles
0 12.2882 7.28518 -0.207133
1 13.1768 16.4964 -0.363539
2 15.0949 0.792634 2.16544
3 11.6685 7.8388 -0.935624
4 11.4711 11.0513 -2.28583
5 2.76848 14.4454 2.32124
6 -0.337604 5.12711 -2.07578
7 8.87086 20.9835 1.38635
8 9.47066 10.385 -2.10796
9 12.0261 3.97305 0.735827
10 12.5179 2.13567 -0.446711
11 6.67785 20.1738 -1.96214
12 9.49066 17.7109 2.84835
13 18.3834 4.86925 -0.192818
14 4.78489 20.2207 -1.46586
15 21.9916 14.0003 2.93683
16 2.59017 2.72055 -0.763767
17 17.9038 16.5553 -2.35681
18 -1.3208 18.8483 0.146249
19 8.26175 9.16861 1.24744
20 8.48665 6.35584 -2.193
21 19.5903 21.2687 -0.593019
22 13.4879 12.3031 2.5193
23 5.08928 2.17739 1.55463
24 -1.88876 9.97128 2.84748
25 2.9166 7.43109 -2.59392
26 1.60674 7.78391 -0.691029
27 17.2301 14.2135 -0.835833
28 11.805 8.61103 -1.19066
29 0.557091 11.9353 -2.10644
30 9.55995 6.87708 -0.434266
31 1.09833 9.92028 -2.99877
32 10.0386 9.14238 2.54074
33 5.99536 20.8281 -3.01352
34 16.7148 16.7473 0.129401
35 4.48855 7.56534 0.826415
36 20.6531 9.78898 2.11146
37 9.23487 16.975 0.57783
38 5.32505 3.9984 -1.78935
39 4.17555 16.3575 -1.47353
40 6.00527 22.2987 2.6636
41 23.5422 2.87048 -2.08784
42 8.63264 9.54013 1.20742
43 0.050258 12.1423 -2.92535
44 20.1777 5.41925 2.21008
45 1.68105 8.24774 -1.25647
46 11.3648 5.09371 -0.323404
47 9.47705 17.5449 1.23777
48 4.41284 18.6116 0.355162
49 18.0355 5.53206 1.63771
50 10.9313 4.52046 -0.182109
51 13.8953 3.3069 -0.540133
52 0.719614 18.8126 -1.38776
53 2.7305 14.9643 -1.59239
54 6.38506 24.4625 -0.103283
55 4.26119 8.82646 -2.08258
56 9.04673 11.5597 -0.361957
57 10.2788 11.899 -3.04435
58 14.2926 9.83992 -2.64759
59 13.0461 22.4458 0.955593
60 12.5543 17.2426 2.99944
61 12.4481 12.9898 1.84385
62 4.4545 5.77212 1.33268
63 2.50903 9.98738 -2.13826
64 10.4613 10.3555 0.518212
65 12.635 16.6361 1.71913
66 12.1087 12.3671 -0.290411
67 12.0698 8.68807 0.455863
68 14.7713 15.5702 -2.83276
69 9.03028 14.9365 -1.09009
70 17.5973 24.3274 2.03197
71 16.6737 7.43922 2.4541
72 13.4458 18.0854 -1.84497
73 4.06051 18.2767 1.51194
74 16.5301 5.47095 1.06529
75 5.01576 4.77978 -0.853707
76 8.76478 4.47125 -2.96251
77 11.2111 15.487 0.194647
78 7.85167 17.9468 1.06063
79 2.70689 17.6624 2.95331
80 18.0132 16.0087 -0.889104
81 5.51595 10.0029 0.6312
82 4.99479 11.7789 -2.87451
83 3.74796 6.02592 -3.13575
84 6.90566 10.5714 -1.62416
85 12.3107 2.58291 -0.575197
86 0.749643 3.52491 2.72613
87 12.0261 3.91244 0.162285
88 14.9442 20.2135 -3.09964
89 8.42709 8.35214 -2.57658
90 18.791 7.37625 2.29278
91 8.65103 9.86058 2.08513
92 19.0845 9.05834 -0.519743
93 16.6937 10.0414 -0.666938
94 2.71081 5.44046 -1.17677
95 17.1845 6.4996 -2.08181
96 11.3891 -0.176579 -1.60685
97 6.23816 -1.46557 -0.882995
98 9.62678 19.8925 2.16568
99 13.6036 9.20171 -2.30745
