100
Particles
0 2.88283 11.9399 -1.76022
1 19.6948 3.26945 0.191521
2 20.4601 16.9725 -0.0482543
3 13.531 17.7114 -2.00311
4 11.803 2.34263 1.33721
5 8.97362 9.52432 -2.30876
6 8.24493 9.57984 -1.96295
7 8.14024 2.85594 -0.590773
8 5.18697 15.8927 -2.10727
9 0.840843 16.8659 1.60854
10 14.5228 14.983 1.18651
11 8.85965 6.89699 2.73894
12 8.97011 2.71504 1.41684
13 6.09234 17.5695 2.58166
14 17.7682 6.61009 -2.86542
15 7.84355 16.3018 1.28521
16 16.5259 18.3571 2.63364
17 11.0493 18.9535 0.525555
18 8.57966 13.5608 -2.17681
19 17.1174 13.4635 2.31166
20 4.48364 8.85199 -2.63252
21 3.27932 4.00769 -2.48948
22 7.09593 0.598003 2.96302
23 0.0916677 5.06867 1.56648
24 15.1853 0.535639 1.05208
25 13.7825 14.6582 1.30863
26 7.7163 8.72844 -1.97821
27 2.92202 5.0321 -2.74749
28 1.14251 16.7241 1.60854
29 1.2598 4.2572 -1.4723
30 15.2239 10.2895 -0.689808
31 10.7055 9.80505 -0.239275
32 2.29958 8.62877 2.63999
33 4.39913 14.9458 -0.854223
34 0.247062 0.226843 2.69836
35 10.3056 14.8922 -2.63365
36 12.9407 14.9542 1.30257
37 13.4567 15.5421 1.10636
38 15.5931 16.4777 1.46357
39 8.74257 16.4199 1.31814
40 8.07837 19.8196 2.76
41 5.21558 6.5075 -0.660906
42 5.79212 9.5652 -0.12882
43 4.79473 9.8844 1.73303
44 10.7069 17.9532 0.651014
45 8.94873 16.0863 1.27103
46 11.1506 11.6208 0.978414
47 13.0179 4.76393 -2.29366
48 19.2301 9.57823 2.24929
49 11.0189 18.9673 0.525555
50 9.60538 0.823626 -1.87285
51 13.9901 16.0659 0.970582
52 15.8328 18.5739 0.883742
53 4.96955 19.3997 -2.98788
54 14.255 15.8372 1.04178
55 10.4749 15.4779 -2.63365
56 19.8613 5.62599 -1.5126
57 14.5155 15.887 1.01334
58 17.0208 19.0056 -2.91043
59 1.28631 3.46816 1.63322
60 8.62436 9.57214 -2.30876
61 8.51304 12.4797 2.19271
62 0.89023 7.96693 -2.6598
63 13.8868 13.4271 1.18707
64 12.6115 11.4539 1.21442
65 8.80737 8.93242 -2.30876
66 1.0528 19.4677 2.58822
67 1.43355 5.81298 2.92714
68 9.43601 9.15114 -2.65534
69 4.90852 2.1796 -2.42504
70 2.64044 0.358438 0.638098
71 8.54073 17.7855 2.356
72 14.818 1.75843 1.68802
73 3.56463 4.38494 -2.65968
74 10.8398 10.0636 -0.239275
75 4.35834 16.2392 -2.10727
76 6.99127 4.50123 0.171492
77 2.63091 3.78347 -2.36057
78 1.11793 13.9925 3.00296
79 0.339417 13.3015 1.53441
80 13.8374 12.7608 1.18707
81 15.7362 0.545459 1.05208
82 16.5429 17.9027 2.15256
83 12.68 13.2029 -0.183083
84 6.29429 3.99162 0.171492
85 4.64625 16.1249 -2.10727
86 13.4683 19.0306 -1.09945
87 9.03673 3.26262 1.41684
88 7.64318 7.7326 -1.64921
89 2.78458 8.60543 2.63999
90 19.3031 11.3901 0.595294
91 1.96356 17.444 0.412558
92 6.73688 7.41216 -1.76334
93 0.265885 13.316 1.53441
94 4.38236 6.8408 -0.660906
95 0.18049 16.5299 1.60854
96 7.74027 17.516 2.356
97 16.9368 11.8724 1.22939
98 7.03623 9.50781 -1.93321
99 3.88115 18.6189 0.394692
