100
Particles
0 1.42359 4.32851 -1.76022
1 27.3031 4.74468 0.191521
2 28.2011 16.5987 -0.0482543
3 6.86057 19.9628 2.70934
4 11.9478 9.15037 1.39781
5 5.15382 2.81387 -2.03725
6 4.6283 2.73333 -2.03725
7 11.6742 9.56933 1.38118
8 1.4432 9.17887 -2.17332
9 0.548365 24.6104 1.60854
10 18.4255 21.669 0.996413
11 6.96825 0.27945 -1.61726
12 11.9993 9.68237 1.39094
13 2.58833 23.9405 2.04038
14 12.561 9.08674 1.41557
15 9.94967 23.7602 1.29527
16 13.5397 25.2669 1.77661
17 12.7604 25.2347 1.77661
18 0.937493 13.2958 -3.13365
19 18.0896 20.1969 1.14208
20 -2.28363 5.07488 -2.63252
21 1.73805 -3.39133 -1.71767
22 5.81442 -5.01501 -1.44559
23 -6.09258 9.20196 2.66752
24 19.0275 7.26618 1.05208
25 17.6185 21.3729 0.988393
26 4.48824 1.69932 -2.03725
27 1.1038 -2.26074 -1.71767
28 0.850037 24.4686 1.60854
29 0.879683 -2.76413 -1.71767
30 21.202 5.35749 -0.689808
31 18.2347 7.96832 -0.239275
32 -4.49571 12.3552 2.63999
33 1.07188 8.51577 -2.17348
34 -6.75406 3.55051 2.69836
35 3.53403 11.1228 -2.63365
36 16.7778 21.6642 0.983561
37 17.4336 22.1799 0.989591
38 18.9675 23.3359 1.0043
39 10.8518 23.8774 1.29527
40 2.70136 24.7292 2.04008
41 6.30453 -0.755185 -1.61726
42 3.69739 2.73449 -2.03725
43 0.816267 8.17537 -2.17368
44 16.7633 22.6457 0.982359
45 11.0583 23.5436 1.29527
46 14.9192 18.3801 1.09642
47 12.4819 9.88795 1.39473
48 14.3661 15.6118 2.24929
49 12.7603 25.2501 1.77661
50 7.29991 -6.57552 -1.87285
51 18.1139 22.6172 0.996761
52 13.1759 25.6559 1.77661
53 2.69167 26.5812 1.845
54 18.2938 22.4437 0.996761
55 3.70331 11.7084 -2.63365
56 20.3121 -2.11088 -1.5126
57 18.4682 22.5455 0.999864
58 13.8413 25.7155 1.77661
59 1.11228 -3.68915 -1.71767
60 4.85941 2.82813 -2.03725
61 0.86763 12.6233 -3.13365
62 -5.99974 10.1251 2.66752
63 17.2879 20.3394 1.14208
64 15.9088 18.4552 1.09642
65 5.06435 2.17235 -2.03725
66 -5.54057 23.5408 2.58822
67 -5.24141 9.55268 2.66752
68 5.56963 2.48036 -2.03725
69 5.38856 -5.01221 -1.44559
70 4.93694 -5.49563 -1.44559
71 4.03948 23.9916 2.04183
72 12.0849 8.23604 1.42902
73 1.74149 -2.87448 -1.71767
74 18.369 8.22689 -0.239275
75 0.59375 9.50602 -2.17324
76 11.437 9.93455 1.37826
77 1.3966 -3.78833 -1.71767
78 -2.08909 20.9185 1.97642
79 -2.61091 20.4428 1.97642
80 17.4707 19.5275 1.14208
81 19.5783 7.276 1.05208
82 13.6117 24.8574 1.77661
83 16.8584 19.2123 1.14208
84 10.977 9.1409 1.37592
85 0.852452 9.41195 -2.17332
86 17.7112 23.1291 0.996574
87 12.2819 10.171 1.3811
88 6.43007 0.204986 -1.61726
89 -4.01071 12.3319 2.63999
90 25.72 15.7359 0.595294
91 2.24593 23.6221 2.04006
92 6.34248 -0.289374 -1.61726
93 -2.68445 20.4573 1.97642
94 5.62642 -0.319 -1.61726
95 -0.111987 24.2744 1.60854
96 3.36983 23.8083 2.04131
97 19.5316 19.1751 1.22939
98 4.16281 2.47762 -2.03725
99 2.0811 25.9348 1.845
