100
Particles
0 1.32945 3.83745 -1.76022
1 27.794 4.83986 0.191521
2 28.7005 16.5746 -0.0482543
3 6.40656 20.1723 2.70934
4 12.0353 9.64264 1.39416
5 4.92896 2.36729 -2.03725
6 4.40344 2.28674 -2.03725
7 11.7656 10.0609 1.3884
8 1.15983 8.76693 -2.17335
9 0.529496 25.11 1.60854
10 18.6976 22.0884 0.995112
11 6.94502 -0.22001 -1.61726
12 12.0885 10.1744 1.39159
13 2.36202 24.3864 2.04052
14 12.6445 9.5797 1.40002
15 10.0857 24.2413 1.29527
16 13.4375 25.7563 1.77661
17 12.6582 25.7242 1.77661
18 0.437509 13.2918 -3.13365
19 18.2975 20.6517 1.14208
20 -2.72023 4.83119 -2.63252
21 1.66488 -3.88594 -1.71767
22 5.87686 -5.51109 -1.44559
23 -6.53744 9.43022 2.66752
24 19.381 7.58212 0.406403
25 17.8928 21.7909 0.990419
26 4.26338 1.25274 -2.03725
27 1.03062 -2.75536 -1.71767
28 0.831168 24.9682 1.60854
29 0.806509 -3.25875 -1.71767
30 21.5877 5.0393 -0.689808
31 18.7244 7.94898 0.160356
32 -4.93412 12.5957 2.63999
33 0.788473 8.10385 -2.17343
34 -7.20575 3.76494 2.69836
35 3.09715 10.8796 -2.63365
36 17.0535 22.0814 0.987802
37 17.7076 22.5981 0.991301
38 19.2372 23.7569 1.00026
39 10.9878 24.3585 1.29527
40 2.47515 25.1751 2.04034
41 6.2813 -1.25465 -1.61726
42 3.47253 2.2879 -2.03725
43 0.532812 7.76348 -2.17351
44 17.0392 23.0627 0.987239
45 11.1943 24.0248 1.29527
46 15.1476 18.8249 1.09642
47 12.5702 10.3801 1.39282
48 14.0523 16.001 2.24929
49 12.6581 25.7395 1.77661
50 7.15117 -7.05288 -1.87285
51 18.3858 23.0367 0.995426
52 13.0737 26.1454 1.77661
53 2.55628 27.0626 1.845
54 18.5658 22.8633 0.995426
55 3.26644 11.4652 -2.63365
56 20.3412 -2.61004 -1.5126
57 18.7392 22.9657 0.997344
58 13.7391 26.205 1.77661
59 1.0391 -4.18377 -1.71767
60 4.63455 2.38155 -2.03725
61 0.367646 12.6193 -3.13365
62 -6.4446 10.3534 2.66752
63 17.4958 20.7942 1.14208
64 16.1372 18.9 1.09642
65 4.83949 1.72577 -2.03725
66 -5.96595 23.8035 2.58822
67 -5.68627 9.78093 2.66752
68 5.34477 2.03378 -2.03725
69 5.451 -5.5083 -1.44559
70 4.99938 -5.99171 -1.44559
71 3.81274 24.4373 2.04137
72 12.1652 8.72955 1.40506
73 1.66832 -3.36909 -1.71767
74 18.8587 8.20755 0.160356
75 0.310393 9.09407 -2.17332
76 11.5289 10.426 1.38754
77 1.32343 -4.28294 -1.71767
78 -2.28639 21.3779 1.97642
79 -2.80821 20.9022 1.97642
80 17.6785 19.9823 1.14208
81 19.8262 7.71023 1.05208
82 13.5095 25.3468 1.77661
83 17.0663 19.667 1.14208
84 11.0693 9.63231 1.38716
85 0.569079 9.00001 -2.17335
86 17.9832 23.5486 0.995383
87 12.3734 10.6625 1.38801
88 6.40684 -0.294475 -1.61726
89 -4.44911 12.5723 2.63999
90 26.134 16.0163 0.595294
91 2.01972 24.068 2.04034
92 6.31926 -0.788835 -1.61726
93 -2.88174 20.9167 1.97642
94 5.60319 -0.81846 -1.61726
95 -0.130857 24.774 1.60854
96 3.14324 24.254 2.04107
97 19.699 19.6462 1.22939
98 3.93795 2.03103 -2.03725
99 1.94571 26.4161 1.845
