100
Particles
0 -14.3576 -32.7403 -2.02497
1 67.0626 12.4539 0.191521
2 68.6539 14.6452 -0.0482543
3 -29.9145 36.9288 2.70934
4 19.1418 49.0063 1.39217
5 -12.7122 -33.5319 -2.02497
6 -13.2272 -33.6176 -2.02497
7 18.8738 49.4243 1.39217
8 -21.5112 -24.1879 -2.17338
9 -9.82822 63.6707 1.85396
10 39.4229 56.2975 1.03203
11 5.087 -40.1768 -1.61726
12 19.1959 49.5378 1.39217
13 -9.35021 62.5909 1.85396
14 19.7493 48.9437 1.39217
15 20.9679 62.7326 1.29527
16 5.26319 64.9122 1.77661
17 4.48381 64.88 1.77661
18 -39.5612 12.9739 -3.13365
19 38.3445 55.2471 1.03204
20 -37.6481 -14.6636 -2.63252
21 -4.18905 -43.4553 -1.71767
22 7.93868 -45.4423 -1.53075
23 -42.1261 27.6908 2.66752
24 56.1936 23.2289 0.401628
25 38.5025 56.0707 1.03204
26 -13.3745 -34.6481 -2.02497
27 -4.82331 -42.3247 -1.71767
28 -9.65411 63.5082 1.85396
29 -5.04742 -42.8281 -1.71767
30 52.4424 -20.4163 -0.689808
31 55.5659 23.5168 0.401628
32 -40.0066 31.829 2.63999
33 -21.8826 -24.851 -2.17338
34 -43.3406 20.9194 2.69836
35 -31.8528 -8.57551 -2.63365
36 37.7002 56.338 1.03204
37 38.4163 56.8172 1.03203
38 40.0085 57.9374 1.03203
39 21.87 62.8498 1.29527
40 -8.94807 63.4771 1.85396
41 4.42328 -41.2115 -1.61726
42 -14.1026 -33.6426 -2.02497
43 -22.1383 -25.1913 -2.17338
44 37.7307 57.292 1.03203
45 22.0765 62.516 1.29527
46 33.419 54.408 1.09642
47 19.6772 49.7437 1.39217
48 -11.0524 47.1419 2.24929
49 4.48374 64.8954 1.77661
50 7.205 -46.8322 -1.53075
51 39.1329 57.2322 1.03203
52 4.89937 65.3012 1.77661
53 -8.2748 65.5682 1.845
54 39.3129 57.0588 1.03203
55 -31.6835 -7.98989 -2.63365
56 22.6679 -42.5423 -1.5126
57 39.4964 57.1549 1.03203
58 5.56472 65.3608 1.77661
59 -4.81483 -43.7531 -1.71767
60 -13.0048 -33.5185 -2.02497
61 -39.6311 12.3015 -3.13365
62 -42.0332 28.614 2.66752
63 37.5128 55.4037 1.03204
64 34.4086 54.4831 1.09642
65 -12.8001 -34.1742 -2.02497
66 -39.9962 44.8259 2.58822
67 -41.2749 28.0415 2.66752
68 -12.2964 -33.8654 -2.02497
69 7.47038 -45.4428 -1.53075
70 6.91242 -45.931 -1.53075
71 -8.20614 62.5279 1.85396
72 19.268 48.0939 1.39217
73 -4.18562 -42.9384 -1.71767
74 55.6875 23.8085 0.401628
75 -22.3606 -23.8608 -2.17338
76 18.6376 49.7893 1.39217
77 -4.5305 -43.8523 -1.71767
78 -18.07 58.1322 1.97642
79 -18.5918 57.6565 1.97642
80 37.6379 54.6238 1.03204
81 56.5882 23.4408 0.401628
82 5.33517 64.5026 1.77661
83 36.977 54.3342 1.03204
84 18.178 48.9956 1.39217
85 -22.102 -23.9549 -2.17338
86 38.733 57.7423 1.03203
87 19.482 50.0258 1.39217
88 4.54882 -40.2513 -1.61726
89 -39.5216 31.8057 2.63999
90 59.2533 38.4464 0.595294
91 -9.7794 62.2391 1.85396
92 4.46124 -40.7457 -1.61726
93 -18.6653 57.671 1.97642
94 3.74517 -40.7753 -1.61726
95 -10.4619 63.3403 1.85396
96 -8.78853 62.3786 1.85396
97 39.0002 54.5699 1.03204
98 -13.69 -33.8747 -2.02497
99 -8.88537 64.9218 1.845
