100
Particles
0 -4.04767 -11.6226 -2.02497
1 43.9923 7.98066 0.191521
2 45.1813 15.7787 -0.0482543
3 -8.57588 27.0843 2.70934
4 14.9663 25.8802 1.39217
5 -2.40226 -12.4143 -2.02497
6 -2.91732 -12.5 -2.02497
7 14.6983 26.2982 1.39217
8 -8.19197 -4.82696 -2.17338
9 -3.26258 41.1066 1.85393
10 27.3645 36.1272 1.03152
11 6.17859 -16.7022 -1.61726
12 15.0205 26.4118 1.39217
13 -2.78454 40.0267 1.85396
14 15.5739 25.8176 1.39217
15 14.5746 40.119 1.29527
16 10.0656 41.9081 1.77661
17 9.28625 41.876 1.77661
18 -16.062 13.1607 -3.13365
19 26.2896 35.0745 1.03305
20 -17.128 -3.2104 -2.63252
21 -0.74987 -20.2083 -1.71767
22 6.99789 -21.9612 -1.53075
23 -21.2177 16.9627 2.66752
24 34.5636 14.0423 0.401628
25 26.4455 35.8994 1.03215
26 -3.06458 -13.5304 -2.02497
27 -1.38413 -19.0777 -1.71767
28 -3.08847 40.944 1.85394
29 -1.60824 -19.5811 -1.71767
30 34.3153 -5.46112 -0.689808
31 33.9359 14.3303 0.401628
32 -19.4015 20.5294 2.63999
33 -8.56336 -5.49002 -2.17338
34 -22.1114 10.8411 2.69836
35 -11.3197 2.85437 -2.63365
36 25.6435 36.1666 1.03224
37 26.3584 36.6465 1.03174
38 27.9492 37.7675 1.03117
39 15.4767 40.2362 1.29527
40 -2.38243 40.9129 1.85394
41 5.51487 -17.7368 -1.61726
42 -3.79269 -12.525 -2.02497
43 -8.81905 -5.83037 -2.17338
44 25.6734 37.1209 1.03198
45 15.6832 39.9024 1.29527
46 22.6846 33.5029 1.09642
47 15.5018 26.6176 1.39217
48 3.69656 28.8467 2.24929
49 9.28618 41.8913 1.77661
50 6.26421 -23.351 -1.53075
51 27.0742 37.062 1.03141
52 9.70181 42.2971 1.77661
53 -1.91154 42.9462 1.845
54 27.2542 36.8885 1.03141
55 -11.1504 3.43999 -2.63365
56 21.3009 -19.0821 -1.5126
57 27.4375 36.9848 1.03131
58 10.3672 42.3567 1.77661
59 -1.37564 -20.5061 -1.71767
60 -2.69492 -12.4009 -2.02497
61 -16.1318 12.4882 -3.13365
62 -21.1249 17.8859 2.66752
63 25.4578 35.2313 1.033
64 23.6741 33.578 1.09642
65 -2.49016 -13.0566 -2.02497
66 -20.0034 32.4753 2.58822
67 -20.3666 17.3134 2.66752
68 -1.98645 -12.7478 -2.02497
69 6.52959 -21.9616 -1.53075
70 5.97163 -22.4498 -1.53075
71 -1.64039 39.9637 1.85401
72 15.0926 24.9678 1.39217
73 -0.746431 -19.6914 -1.71767
74 34.0575 14.6219 0.401628
75 -9.04139 -4.49983 -2.17338
76 14.4621 26.6632 1.39217
77 -1.09132 -20.6053 -1.71767
78 -8.79713 36.5391 1.97642
79 -9.31894 36.0633 1.97642
80 25.5838 34.4508 1.03338
81 34.9582 14.2542 0.401628
82 10.1376 41.4986 1.77661
83 24.9236 34.1608 1.03365
84 14.0025 25.8695 1.39217
85 -8.78272 -4.59388 -2.17338
86 26.6743 37.5721 1.0314
87 15.3066 26.8997 1.39217
88 5.64041 -16.7767 -1.61726
89 -18.9165 20.5061 2.63999
90 39.7957 25.2687 0.595294
91 -3.21372 39.6749 1.85396
92 5.55282 -17.271 -1.61726
93 -9.39248 36.0779 1.97642
94 4.83676 -17.3006 -1.61726
95 -3.89626 40.7761 1.85393
96 -2.2228 39.8145 1.854
97 26.9459 34.397 1.03325
98 -3.38006 -12.757 -2.02497
99 -2.52211 42.2997 1.845
