100
Particles
0 -4.92511 -13.4199 -2.02497
1 45.9557 8.36137 0.191521
2 47.179 15.6822 -0.0482543
3 -10.3919 27.9222 2.70934
4 15.3217 27.8484 1.39217
5 -3.2797 -14.2115 -2.02497
6 -3.79476 -14.2972 -2.02497
7 15.0537 28.2664 1.39217
8 -9.32553 -6.47471 -2.17338
9 -3.82134 43.0269 1.85395
10 28.3912 37.8435 1.03178
11 6.08569 -18.7 -1.61726
12 15.3758 28.3799 1.39217
13 -3.34332 41.9471 1.85396
14 15.9293 27.7858 1.39217
15 15.1187 42.0435 1.29527
16 9.6569 43.8659 1.77661
17 8.87753 43.8338 1.77661
18 -18.0619 13.1448 -3.13365
19 27.3146 36.7919 1.03254
20 -18.8743 -4.18514 -2.63252
21 -1.04257 -22.1868 -1.71767
22 7.07795 -23.9596 -1.53075
23 -22.9972 17.8757 2.66752
24 36.4044 14.8242 0.401628
25 27.4716 37.6162 1.03209
26 -3.94202 -15.3277 -2.02497
27 -1.67682 -21.0562 -1.71767
28 -3.64724 42.8644 1.85395
29 -1.90093 -21.5596 -1.71767
30 35.858 -6.7339 -0.689808
31 35.7767 15.1121 0.401628
32 -21.1551 21.4911 2.63999
33 -9.69691 -7.13776 -2.17338
34 -23.9181 11.6989 2.69836
35 -13.0672 1.88161 -2.63365
36 26.6694 37.8834 1.03213
37 27.3849 38.363 1.03189
38 28.9764 39.4836 1.0316
39 16.0208 42.1608 1.29527
40 -2.94119 42.8333 1.85395
41 5.42197 -19.7347 -1.61726
42 -4.67013 -14.3222 -2.02497
43 -9.95261 -7.47811 -2.17338
44 26.6996 38.8376 1.03201
45 16.2273 41.827 1.29527
46 23.5981 35.2821 1.09642
47 15.8571 28.5857 1.39217
48 2.44133 30.4037 2.24929
49 8.87746 43.8491 1.77661
50 6.34428 -25.3494 -1.53075
51 28.1011 38.7782 1.03173
52 9.29309 44.2549 1.77661
53 -2.45309 44.8714 1.845
54 28.2811 38.6048 1.03173
55 -12.8979 2.46724 -2.63365
56 21.4173 -21.0787 -1.5126
57 28.4645 38.701 1.03167
58 9.95844 44.3145 1.77661
59 -1.66834 -22.4846 -1.71767
60 -3.57236 -14.1981 -2.02497
61 -18.1318 12.4723 -3.13365
62 -22.9043 18.7989 2.66752
63 26.4828 36.9486 1.03251
64 24.5877 35.3572 1.09642
65 -3.3676 -14.8538 -2.02497
66 -21.705 33.5264 2.58822
67 -22.146 18.2265 2.66752
68 -2.86389 -14.545 -2.02497
69 6.60965 -23.96 -1.53075
70 6.05169 -24.4482 -1.53075
71 -2.19923 41.8841 1.85397
72 15.4479 26.936 1.39217
73 -1.03913 -21.6699 -1.71767
74 35.8983 15.4037 0.401628
75 -10.1749 -6.14758 -2.17338
76 14.8175 28.6314 1.39217
77 -1.38402 -22.5838 -1.71767
78 -9.58631 38.3768 1.97642
79 -10.1081 37.901 1.97642
80 26.6084 36.1684 1.03271
81 36.799 15.0361 0.401628
82 9.72889 43.4564 1.77661
83 25.9478 35.8787 1.03284
84 14.3579 27.8377 1.39217
85 -9.91627 -6.24162 -2.17338
86 27.7012 39.2884 1.03172
87 15.6619 28.8679 1.39217
88 5.54751 -18.7745 -1.61726
89 -20.6701 21.4678 2.63999
90 41.4517 26.3902 0.595294
91 -3.77251 41.5952 1.85396
92 5.45992 -19.2689 -1.61726
93 -10.1817 37.9156 1.97642
94 4.74386 -19.2985 -1.61726
95 -4.45502 42.6965 1.85395
96 -2.78162 41.7348 1.85397
97 27.9706 36.1146 1.03264
98 -4.2575 -14.5543 -2.02497
99 -3.06367 44.225 1.845
