100
Particles
0 11.8073 7.07282 -2.30995
1 14.1192 16.4523 -0.510368
2 13.936 2.94966 -1.8918
3 11.0671 6.59219 0.165433
4 11.077 9.80362 0.942918
5 4.32026 14.2492 1.82379
6 -0.409508 5.05096 0.481478
7 11.0588 20.5798 -2.3463
8 8.66112 8.77016 -2.52971
9 11.9574 3.4967 0.452595
10 12.7155 1.31174 -0.514524
11 8.35567 19.5036 2.10647
12 9.12351 16.9654 -0.245806
13 16.2997 4.19356 2.31438
14 3.22471 18.667 2.85668
15 22.3009 13.3298 0.611561
16 2.26014 3.75554 3.07074
17 17.8931 15.1543 3.04404
18 -0.698235 18.5548 -3.02613
19 8.41011 9.11009 -0.243229
20 6.24709 4.23916 -0.335798
21 21.0135 19.741 2.05221
22 13.4659 11.7631 2.16063
23 6.54674 2.95583 2.01591
24 -0.406373 9.98408 -1.08346
25 4.16305 7.72703 -0.0154165
26 1.33829 9.85927 -1.24141
27 17.8034 14.6177 -0.63056
28 13.1458 7.21924 3.00349
29 0.227011 11.7467 -1.7781
30 11.122 8.64186 1.08636
31 0.900907 9.30791 2.38302
32 9.23818 11.0282 1.5302
33 6.46761 19.6282 2.9325
34 14.8852 16.47 2.32511
35 2.08688 5.53814 1.21316
36 18.9703 9.73001 1.13282
37 11.44 19.0986 1.98633
38 4.15118 4.16956 0.246736
39 5.22246 14.1267 -1.96217
40 4.78829 20.4528 0.513368
41 19.624 2.22887 0.915694
42 11.22 8.66022 -1.33625
43 0.373924 12.3996 2.91815
44 18.4204 7.10083 2.01285
45 2.88927 9.79846 0.480956
46 10.399 5.14664 -0.360139
47 9.18306 17.0644 1.41769
48 5.80192 16.4787 -1.43105
49 17.8524 5.59413 1.52872
50 11.2929 5.74637 -1.77791
51 12.2209 4.14714 1.54319
52 1.41924 20.2053 -0.0956656
53 2.01052 16.2805 2.01421
54 6.75411 23.1794 -0.267338
55 4.64271 8.57165 -0.93264
56 8.26274 10.1594 -1.16
57 11.0458 13.9004 -1.22558
58 15.9016 10.687 2.49792
59 14.4451 19.4575 3.0227
60 11.4154 16.9048 -2.21546
61 11.9339 12.4013 -2.1841
62 3.55982 5.6337 2.46378
63 2.35389 8.94341 2.40887
64 10.0273 10.4366 -1.42795
65 12.031 16.0447 2.64216
66 13.1728 11.0921 2.65916
67 10.3804 7.13539 0.908477
68 16.3986 14.42 -2.20483
69 10.1283 15.2887 2.71655
70 19.3069 22.1356 1.4695
71 19.0986 7.79832 -0.975842
72 14.3526 16.5101 -1.93252
73 3.73467 18.6469 -2.88216
74 17.1675 4.48747 -2.71724
75 5.0379 4.77676 -2.40097
76 7.05358 3.69966 -1.34019
77 10.3484 15.6072 2.9642
78 8.44402 16.6778 0.907681
79 3.42076 17.3513 2.52733
80 18.2155 15.5967 2.29291
81 5.5217 10.4532 2.21967
82 5.68873 12.7123 -1.23867
83 2.91334 6.79617 2.43123
84 5.68593 9.50542 -0.229572
85 10.2501 2.1676 2.41292
86 1.12563 3.92519 0.527544
87 13.7184 2.48029 0.92352
88 15.7599 19.6028 0.702509
89 8.73309 8.25837 0.578729
90 18.9233 6.78966 -2.79454
91 8.39224 10.0039 -2.27851
92 18.2194 10.6965 -1.29026
93 14.2283 10.848 -2.24581
94 2.02796 6.46351 2.4254
95 14.8829 7.04698 2.39849
96 10.8343 -0.991827 2.05288
97 5.53985 -0.259653 -1.40779
98 8.95981 19.9599 0.89504
99 14.2252 8.88948 3.07326
