100
Particles
0 11.6268 7.00634 1.288
1 12.6645 16.7649 1.32586
2 14.9941 0.740876 2.9
3 11.0493 7.66409 0.502124
4 11.3359 10.8248 -0.057302
5 3.32465 14.7472 2.49432
6 -0.80739 4.31569 -2.28319
7 9.69131 21.4595 2.23007
8 9.29853 10.3769 -2.94206
9 11.6461 2.8409 -2.1776
10 12.8049 2.15861 1.99209
11 7.63679 20.2939 2.69814
12 8.9621 17.5344 2.78819
13 17.536 4.21045 2.69037
14 4.28328 21.0121 2.21685
15 21.9807 14.0723 -2.46708
16 1.73157 2.90658 -2.58992
17 18.8912 16.7765 0.648933
18 -1.3104 18.9846 -2.71519
19 7.32504 8.16283 -2.47361
20 8.64 6.74369 0.715031
21 19.6275 21.083 -2.67888
22 13.7378 11.9 -0.870769
23 5.11198 2.10931 -1.12371
24 -0.858195 9.89178 2.73859
25 2.71676 7.93349 -0.875477
26 1.05785 7.99055 -2.9741
27 16.9567 14.4318 -2.28135
28 12.1692 8.23133 -2.26854
29 0.480208 11.9745 -1.39725
30 9.49207 7.37061 -2.22079
31 0.949403 9.31554 -3.08159
32 9.11187 9.29025 -3.02107
33 6.51159 19.8139 -0.871744
34 16.0953 16.3572 -1.40278
35 4.81158 8.14622 0.970322
36 20.3356 8.8048 2.56778
37 8.59759 16.782 -2.79672
38 5.10151 4.6432 -0.390327
39 4.36767 16.3391 0.620878
40 5.88422 21.6021 -0.597971
41 23.4057 2.35806 0.285981
42 8.62836 9.06277 0.287309
43 -0.316458 12.9088 0.494981
44 19.4864 5.87029 -1.2721
45 1.5917 8.19696 2.54904
46 10.7426 4.7279 -1.61182
47 8.78376 16.7077 -2.76415
48 4.3497 18.5174 2.21036
49 18.0056 6.07905 2.42468
50 10.8543 4.08047 1.38181
51 14.2889 3.73631 -2.54473
52 0.497951 19.6809 -0.550391
53 2.74741 15.8856 2.46787
54 5.85952 24.85 3.11314
55 4.96431 9.7726 0.12176
56 8.94194 12.1169 0.278541
57 10.3763 11.6175 -1.30057
58 15.3895 10.2396 -0.446141
59 13.3356 21.1475 2.91605
60 12.9247 16.8309 -2.46073
61 12.4434 13.3996 0.364489
62 3.79564 5.64702 -0.771232
63 2.50311 10.1492 1.72708
64 9.94101 9.52312 1.37369
65 12.9347 15.8093 -1.99673
66 12.6906 12.172 -1.39825
67 10.8107 8.97789 0.46991
68 15.405 15.4264 -1.40567
69 9.64043 14.7488 -1.68031
70 18.7173 23.5804 0.76473
71 16.1914 8.17695 -2.14151
72 13.7041 17.6451 0.57247
73 3.95677 17.8654 1.53784
74 16.2601 5.7005 -2.74697
75 4.80766 4.94126 -2.24255
76 8.35517 4.22444 1.78529
77 10.321 15.7026 -2.49383
78 7.31268 17.3438 -1.53785
79 3.35105 17.9628 2.77446
80 18.4775 16.1027 1.48107
81 5.82325 9.51093 0.747926
82 5.69192 12.2224 -0.297762
83 3.68973 6.00246 -0.113004
84 6.36601 10.2922 0.705856
85 11.2003 2.95921 -0.0453811
86 0.664866 4.11857 -0.110599
87 12.6017 3.4468 2.86854
88 15.659 20.4792 -0.664038
89 8.45319 8.88259 2.84902
90 18.8956 6.89154 -2.14989
91 8.03563 9.76548 -3.01752
92 18.5636 9.29942 0.716055
93 16.185 10.1412 -1.83037
94 3.02235 6.00086 0.171491
95 17.0961 7.21596 -0.112236
96 11.4136 -0.443709 -2.08178
97 6.68735 -1.20626 2.98745
98 9.17826 20.1389 -2.87583
99 13.8452 8.89383 0.913405
