100
Particles
0 -12.0543 -28.0225 -2.02497
1 61.9086 11.4546 0.191521
2 63.41 14.8984 -0.0482543
3 -25.1474 34.7295 2.70934
4 18.209 43.8398 1.39217
5 -10.4089 -28.8141 -2.02497
6 -10.924 -28.8998 -2.02497
7 17.941 44.2578 1.39217
8 -18.5356 -19.8626 -2.17338
9 -8.36142 58.6298 1.85396
10 36.7293 51.7912 1.03203
11 5.33087 -34.9325 -1.61726
12 18.2631 44.3714 1.39217
13 -7.88341 57.55 1.85396
14 18.8165 43.7772 1.39217
15 19.5396 57.6806 1.29527
16 6.33607 59.773 1.77661
17 5.5567 59.7408 1.77661
18 -34.3114 13.0157 -3.13365
19 35.6508 50.7407 1.03204
20 -33.0638 -12.1049 -2.63252
21 -3.42073 -38.2618 -1.71767
22 7.7285 -40.1965 -1.53075
23 -37.4551 25.2941 2.66752
24 51.3614 21.1766 0.401628
25 35.8089 51.5644 1.03204
26 -11.0712 -29.9303 -2.02497
27 -4.05498 -37.1312 -1.71767
28 -8.18732 58.4673 1.85396
29 -4.27909 -37.6346 -1.71767
30 48.3928 -17.0752 -0.689808
31 50.7337 21.4645 0.401628
32 -35.4033 29.3047 2.63999
33 -18.907 -20.5257 -2.17338
34 -38.5979 18.6678 2.69836
35 -27.2656 -6.02203 -2.63365
36 35.0066 51.8317 1.03204
37 35.7227 52.3109 1.03203
38 37.3148 53.4311 1.03203
39 20.4417 57.7978 1.29527
40 -7.48128 58.4362 1.85396
41 4.66714 -35.9671 -1.61726
42 -11.7993 -28.9248 -2.02497
43 -19.1627 -20.866 -2.17338
44 35.0371 52.7857 1.03203
45 20.6482 57.4641 1.29527
46 31.0209 49.7377 1.09642
47 18.7444 44.5772 1.39217
48 -7.75745 43.0547 2.24929
49 5.55663 59.7562 1.77661
50 6.99483 -41.5864 -1.53075
51 36.4393 52.7259 1.03203
52 5.97225 60.162 1.77661
53 -6.85322 60.5144 1.845
54 36.6192 52.5525 1.03203
55 -27.0963 -5.4364 -2.63365
56 22.3625 -37.3012 -1.5126
57 36.8028 52.6486 1.03203
58 6.63761 60.2216 1.77661
59 -4.0465 -38.5596 -1.71767
60 -10.7016 -28.8007 -2.02497
61 -34.3813 12.3432 -3.13365
62 -37.3622 26.2173 2.66752
63 34.8191 50.8974 1.03204
64 32.0105 49.8128 1.09642
65 -10.4968 -29.4564 -2.02497
66 -35.5298 42.0667 2.58822
67 -36.6039 25.6448 2.66752
68 -9.99309 -29.1477 -2.02497
69 7.2602 -40.197 -1.53075
70 6.70224 -40.6852 -1.53075
71 -6.73934 57.487 1.85396
72 18.3352 42.9274 1.39217
73 -3.41729 -37.7449 -1.71767
74 50.8552 21.7561 0.401628
75 -19.3851 -19.5355 -2.17338
76 17.7048 44.6228 1.39217
77 -3.76218 -38.6588 -1.71767
78 -15.9984 53.3082 1.97642
79 -16.5202 52.8325 1.97642
80 34.9442 50.1175 1.03204
81 51.756 21.3885 0.401628
82 6.40805 59.3634 1.77661
83 34.2833 49.8279 1.03204
84 17.2452 43.8291 1.39217
85 -19.1264 -19.6295 -2.17338
86 36.0394 53.236 1.03203
87 18.5492 44.8594 1.39217
88 4.79269 -35.007 -1.61726
89 -34.9183 29.2813 2.63999
90 54.9064 35.5024 0.595294
91 -8.3126 57.1981 1.85396
92 4.7051 -35.5013 -1.61726
93 -16.5937 52.847 1.97642
94 3.98904 -35.531 -1.61726
95 -8.9951 58.2994 1.85396
96 -7.32173 57.3377 1.85396
97 36.3066 50.0635 1.03204
98 -11.3867 -29.1569 -2.02497
99 -7.46379 59.868 1.845
