100
Particles
0 -12.8221 -29.5951 -2.02497
1 63.6266 11.7877 0.191521
2 65.158 14.814 -0.0482543
3 -26.7364 35.4626 2.70934
4 18.5199 45.562 1.39217
5 -11.1767 -30.3867 -2.02497
6 -11.6917 -30.4724 -2.02497
7 18.2519 45.98 1.39217
8 -19.5275 -21.3044 -2.17338
9 -8.85035 60.3101 1.85396
10 37.6272 53.2933 1.03203
11 5.24958 -36.6806 -1.61726
12 18.5741 46.0935 1.39217
13 -8.37235 59.2303 1.85396
14 19.1275 45.4994 1.39217
15 20.0157 59.3646 1.29527
16 5.97844 61.486 1.77661
17 5.19907 61.4539 1.77661
18 -36.0613 13.0018 -3.13365
19 36.5487 52.2429 1.03204
20 -34.5919 -12.9578 -2.63252
21 -3.67684 -39.993 -1.71767
22 7.79856 -41.9451 -1.53075
23 -39.0121 26.093 2.66752
24 52.9721 21.8607 0.401628
25 36.7067 53.0665 1.03204
26 -11.839 -31.5029 -2.02497
27 -4.31109 -38.8624 -1.71767
28 -8.67625 60.1476 1.85396
29 -4.5352 -39.3658 -1.71767
30 49.7427 -18.1889 -0.689808
31 52.3444 22.1486 0.401628
32 -36.9377 30.1461 2.63999
33 -19.8989 -21.9675 -2.17338
34 -40.1788 19.4183 2.69836
35 -28.7947 -6.87319 -2.63365
36 35.9045 53.3338 1.03204
37 36.6206 53.813 1.03203
38 38.2127 54.9332 1.03203
39 20.9178 59.4818 1.29527
40 -7.97021 60.1165 1.85396
41 4.58586 -37.7152 -1.61726
42 -12.5671 -30.4974 -2.02497
43 -20.1546 -22.3078 -2.17338
44 35.935 54.2878 1.03203
45 21.1243 59.1481 1.29527
46 31.8203 51.2945 1.09642
47 19.0553 46.2993 1.39217
48 -8.85578 44.4171 2.24929
49 5.199 61.4693 1.77661
50 7.06489 -43.335 -1.53075
51 37.3371 54.228 1.03203
52 5.61463 61.8751 1.77661
53 -7.32708 62.199 1.845
54 37.5171 54.0546 1.03203
55 -28.6254 -6.28756 -2.63365
56 22.4643 -39.0482 -1.5126
57 37.7007 54.1507 1.03203
58 6.27998 61.9347 1.77661
59 -4.30261 -40.2908 -1.71767
60 -11.4693 -30.3733 -2.02497
61 -36.1312 12.3293 -3.13365
62 -38.9192 27.0162 2.66752
63 35.717 52.3995 1.03204
64 32.8098 51.3696 1.09642
65 -11.2646 -31.029 -2.02497
66 -37.0186 42.9865 2.58822
67 -38.1609 26.4437 2.66752
68 -10.7609 -30.7202 -2.02497
69 7.33026 -41.9456 -1.53075
70 6.7723 -42.4338 -1.53075
71 -7.22827 59.1673 1.85396
72 18.6461 44.6495 1.39217
73 -3.6734 -39.4761 -1.71767
74 52.466 22.4402 0.401628
75 -20.3769 -20.9773 -2.17338
76 18.0157 46.345 1.39217
77 -4.01828 -40.39 -1.71767
78 -16.6889 54.9162 1.97642
79 -17.2107 54.4405 1.97642
80 35.8421 51.6196 1.03204
81 53.3667 22.0726 0.401628
82 6.05042 61.0765 1.77661
83 35.1812 51.33 1.03204
84 17.5561 45.5513 1.39217
85 -20.1183 -21.0713 -2.17338
86 36.9373 54.7381 1.03203
87 18.8602 46.5815 1.39217
88 4.7114 -36.7551 -1.61726
89 -36.4527 30.1228 2.63999
90 56.3554 36.4838 0.595294
91 -8.80153 58.8784 1.85396
92 4.62381 -37.2494 -1.61726
93 -17.2843 54.455 1.97642
94 3.90775 -37.2791 -1.61726
95 -9.48403 59.9797 1.85396
96 -7.81066 59.018 1.85396
97 37.2045 51.5656 1.03204
98 -12.1545 -30.7295 -2.02497
99 -7.93765 61.5526 1.845
