100
Particles
0 12.1267 6.99987 -0.0108346
1 12.5994 16.7611 1.76085
2 15.3262 0.640227 -1.09797
3 10.7638 7.77248 1.865
4 11.7931 11.0201 0.509574
5 3.07715 14.4883 -1.56145
6 -0.928492 4.78075 1.54582
7 9.42373 21.0416 -2.26347
8 9.29526 10.3976 0.198702
9 11.5007 2.80647 2.10681
10 12.7672 2.17027 1.34989
11 7.37766 20.1526 2.70146
12 9.30507 17.327 0.096845
13 17.6525 4.3589 2.0894
14 4.36672 21.13 -0.323168
15 22.1918 13.678 -0.616195
16 1.61872 2.86847 -1.48564
17 18.3966 16.7252 -2.93342
18 -1.37056 19.1131 -2.99143
19 7.56393 8.34562 -0.272132
20 8.86706 6.77621 1.23646
21 19.559 21.0254 2.45066
22 13.8106 11.9619 2.0831
23 5.11553 2.02874 -0.117955
24 -0.978078 9.85347 2.13456
25 2.7404 7.96866 -0.507025
26 1.06128 8.01695 2.95903
27 17.2433 14.0281 -0.81185
28 12.1104 8.7278 1.67221
29 0.486692 11.9761 -1.31681
30 9.43761 6.98297 -1.03888
31 0.840173 9.63619 1.07266
32 9.49355 9.28069 0.67688
33 6.47387 20.3113 1.58043
34 16.1595 16.5182 -0.0260805
35 4.5331 7.76206 -1.87716
36 19.9872 8.7619 -2.22666
37 8.6456 16.6568 -2.50395
38 5.38945 4.24896 -0.722291
39 4.33542 16.3601 -2.22634
40 5.49505 21.844 2.17376
41 23.2277 2.62181 3.04543
42 8.71919 9.12343 -0.761795
43 -0.133481 12.6319 -0.142022
44 19.749 5.92607 1.21364
45 1.14397 8.23554 2.60184
46 10.9762 5.15213 1.31881
47 9.09787 16.685 0.817285
48 4.34957 18.5748 0.117335
49 18.1867 5.66539 -1.60205
50 11.0622 4.08574 -1.1165
51 13.8294 3.81386 2.60344
52 0.489743 19.6869 -2.22422
53 2.65146 15.7866 -1.04919
54 5.99007 24.7472 -1.8991
55 4.55918 9.69768 2.72208
56 9.03598 11.8147 -0.383827
57 10.3372 11.9278 2.59149
58 15.0307 10.5498 2.10612
59 13.5246 21.6064 1.30188
60 12.9596 17.3026 1.8269
61 12.2761 12.9739 -1.52944
62 3.86774 5.87514 0.192808
63 2.91771 10.0793 -0.738813
64 10.2129 9.62288 1.30456
65 12.4976 16.0342 2.48209
66 12.463 12.194 -2.1424
67 11.0027 8.79704 -1.77053
68 15.4292 15.4346 -1.18961
69 9.2272 14.9992 2.85638
70 18.567 23.9308 1.27271
71 16.5879 7.89418 -0.3914
72 13.2847 17.8933 2.83289
73 4.37118 18.0725 0.849084
74 16.4668 5.64859 0.884473
75 4.72868 4.49196 -2.16659
76 8.79371 4.4642 0.472181
77 10.763 15.4687 -0.482967
78 7.67912 17.4927 -0.272194
79 3.26551 17.9224 -1.32038
80 18.2958 15.9092 -1.31354
81 5.97077 9.27212 -0.0427226
82 5.47088 12.4523 -3.0673
83 3.60669 5.54996 -2.15473
84 6.47583 10.3967 2.0236
85 11.5821 3.22433 0.229509
86 0.552166 3.9481 -1.00519
87 12.1227 3.33655 -2.73038
88 15.2102 20.637 2.49062
89 8.56558 8.64332 -0.117942
90 19.0624 7.09968 1.90327
91 8.47012 9.5523 -0.709993
92 18.6314 9.0772 -0.187292
93 16.1616 10.1845 -2.74538
94 2.84571 5.93992 -1.62156
95 17.1655 7.30384 -0.442352
96 11.186 -0.146771 1.49964
97 6.44339 -1.40754 -1.5658
98 9.142 20.1474 1.41552
99 13.5548 8.72998 -1.78717
