100
Particles
0 1.80017 6.29274 -1.76022
1 25.3397 4.36398 0.191521
2 26.2034 16.6952 -0.0482543
3 8.67662 19.125 2.70934
4 11.7227 7.1671 1.18001
5 6.05327 4.60021 -2.03727
6 5.52774 4.51967 -2.03725
7 11.1643 7.63993 1.17905
8 2.57603 10.8271 -2.17151
9 0.623843 22.6118 1.60854
10 17.3566 19.9786 1.01603
11 7.06115 2.27729 -1.61727
12 11.5518 7.73896 1.17966
13 3.49209 22.1564 2.03779
14 12.5622 7.11208 2.5529
15 9.40557 21.8356 1.29527
16 13.9484 23.3091 1.77661
17 13.1691 23.277 1.7766
18 2.93743 13.3116 -3.13365
19 17.2582 18.3779 1.14213
20 -0.537236 6.04962 -2.63252
21 2.03074 -1.41286 -1.71766
22 5.56467 -3.03066 -1.44561
23 -4.31315 8.28893 2.66752
24 18.0359 5.52927 1.05208
25 16.5333 19.693 1.01612
26 5.38767 3.48567 -2.03721
27 1.3965 -0.282274 -1.71769
28 0.925515 22.47 1.60854
29 1.17238 -0.785669 -1.71768
30 19.6593 6.63027 -0.689808
31 16.2917 8.44231 -0.239275
32 -2.74209 11.3936 2.63999
33 2.20644 10.1628 -2.17598
34 -4.94732 2.69279 2.69836
35 5.28152 12.0956 -2.63365
36 15.6763 19.9953 1.01616
37 16.3264 20.5146 1.01606
38 17.9076 21.6399 1.01588
39 10.3077 21.9528 1.29527
40 3.60395 22.9444 2.03741
41 6.39743 1.24266 -1.61726
42 4.59682 4.52083 -2.03722
43 1.95293 9.82097 -2.1814
44 15.5082 21.1119 0.56735
45 10.5142 21.6191 1.29527
46 14.0056 16.601 1.09642
47 12.1413 7.91733 1.1802
48 15.6213 14.0547 2.24929
49 13.169 23.2923 1.7766
50 7.89487 -4.66606 -1.87285
51 17.0397 20.9302 1.01598
52 13.5846 23.6981 1.77661
53 3.23323 24.656 1.845
54 17.2207 20.7561 1.01599
55 5.45081 12.6812 -2.63365
56 20.1958 -0.11427 -1.5126
57 17.4024 20.8532 1.01595
58 14.25 23.7577 1.77661
59 1.40497 -1.71069 -1.71766
60 5.75886 4.61447 -2.03726
61 2.86757 12.6392 -3.13365
62 -4.22031 9.21207 2.66752
63 16.4565 18.5204 1.14213
64 14.9952 16.6761 1.09642
65 5.9638 3.95869 -2.03725
66 -3.83906 22.4896 2.58822
67 -3.46198 8.63965 2.66752
68 6.46908 4.2667 -2.03727
69 5.13881 -3.02787 -1.44559
70 4.68718 -3.51128 -1.44557
71 4.95115 22.2115 2.05012
72 12.3587 6.37432 2.5529
73 2.03419 -0.89601 -1.71768
74 16.426 8.70088 -0.239275
75 1.72583 11.1548 -2.16958
76 10.8742 8.02188 1.17876
77 1.68929 -1.80986 -1.71766
78 -1.29991 19.0808 1.97642
79 -1.82173 18.605 1.97642
80 16.6393 17.7085 1.14207
81 18.5868 5.53909 1.05208
82 14.0204 22.8996 1.77661
83 16.027 17.3933 1.14198
84 10.3787 7.23836 1.17811
85 1.98528 11.0602 -2.17151
86 16.6363 21.4425 1.01598
87 11.7542 8.24701 1.17949
88 6.52297 2.20283 -1.61726
89 -2.25709 11.3702 2.63999
90 24.064 14.6144 0.595294
91 3.14754 21.8368 2.03302
92 6.43538 1.70847 -1.61726
93 -1.89527 18.6196 1.97642
94 5.71932 1.67884 -1.61726
95 -0.036509 22.2758 1.60854
96 4.27867 22.0268 2.04572
97 18.862 17.2905 1.22939
98 5.06224 4.26396 -2.03722
99 2.62265 24.0095 1.845
