100
Particles
0 -14.2479 -32.5156 -2.02497
1 66.8172 12.4063 0.191521
2 68.4042 14.6572 -0.0482543
3 -29.6875 36.8241 2.70934
4 19.0974 48.7603 1.39217
5 -12.6025 -33.3073 -2.02497
6 -13.1176 -33.393 -2.02497
7 18.8294 49.1782 1.39217
8 -21.3695 -23.982 -2.17338
9 -9.75837 63.4307 1.85396
10 39.2947 56.0829 1.03203
11 5.09861 -39.9271 -1.61726
12 19.1515 49.2918 1.39217
13 -9.28036 62.3509 1.85396
14 19.7049 48.6976 1.39217
15 20.8999 62.492 1.29527
16 5.31428 64.6674 1.77661
17 4.5349 64.6353 1.77661
18 -39.3112 12.9759 -3.13365
19 38.2162 55.0325 1.03204
20 -37.4298 -14.5417 -2.63252
21 -4.15247 -43.208 -1.71767
22 7.92867 -45.1925 -1.53075
23 -41.9036 27.5767 2.66752
24 55.9635 23.1312 0.401628
25 38.3742 55.8561 1.03204
26 -13.2648 -34.4234 -2.02497
27 -4.78672 -42.0774 -1.71767
28 -9.58427 63.2681 1.85396
29 -5.01083 -42.5808 -1.71767
30 52.2496 -20.2572 -0.689808
31 55.3358 23.4191 0.401628
32 -39.7874 31.7088 2.63999
33 -21.7409 -24.645 -2.17338
34 -43.1147 20.8121 2.69836
35 -31.6344 -8.45392 -2.63365
36 37.572 56.1234 1.03204
37 38.288 56.6026 1.03203
38 39.8802 57.7228 1.03203
39 21.802 62.6092 1.29527
40 -8.87823 63.2371 1.85396
41 4.43489 -40.9617 -1.61726
42 -13.9929 -33.418 -2.02497
43 -21.9966 -24.9854 -2.17338
44 37.6025 57.0774 1.03203
45 22.0085 62.2755 1.29527
46 33.3048 54.1856 1.09642
47 19.6328 49.4976 1.39217
48 -10.8955 46.9473 2.24929
49 4.53483 64.6507 1.77661
50 7.19499 -46.5824 -1.53075
51 39.0046 57.0176 1.03203
52 4.95046 65.0565 1.77661
53 -8.2071 65.3276 1.845
54 39.1846 56.8442 1.03203
55 -31.4651 -7.86829 -2.63365
56 22.6533 -42.2927 -1.5126
57 39.3681 56.9403 1.03203
58 5.61581 65.1161 1.77661
59 -4.77824 -43.5058 -1.71767
60 -12.8952 -33.2939 -2.02497
61 -39.3811 12.3035 -3.13365
62 -41.8108 28.4998 2.66752
63 37.3845 55.1891 1.03204
64 34.2944 54.2607 1.09642
65 -12.6904 -33.9496 -2.02497
66 -39.7835 44.6945 2.58822
67 -41.0525 27.9274 2.66752
68 -12.1867 -33.6408 -2.02497
69 7.46037 -45.193 -1.53075
70 6.90241 -45.6812 -1.53075
71 -8.13629 62.2879 1.85396
72 19.2236 47.8478 1.39217
73 -4.14903 -42.6911 -1.71767
74 55.4574 23.7107 0.401628
75 -22.2189 -23.6548 -2.17338
76 18.5932 49.5433 1.39217
77 -4.49392 -43.605 -1.71767
78 -17.9713 57.9025 1.97642
79 -18.4932 57.4268 1.97642
80 37.5096 54.4092 1.03204
81 56.3581 23.3431 0.401628
82 5.38626 64.2579 1.77661
83 36.8487 54.1196 1.03204
84 18.1336 48.7495 1.39217
85 -21.9603 -23.7489 -2.17338
86 38.6048 57.5278 1.03203
87 19.4376 49.7798 1.39217
88 4.56043 -40.0016 -1.61726
89 -39.3024 31.6855 2.63999
90 59.0463 38.3062 0.595294
91 -9.70955 61.999 1.85396
92 4.47285 -40.4959 -1.61726
93 -18.5667 57.4413 1.97642
94 3.75678 -40.5256 -1.61726
95 -10.392 63.1002 1.85396
96 -8.71868 62.1386 1.85396
97 38.872 54.3553 1.03204
98 -13.5803 -33.65 -2.02497
99 -8.81768 64.6812 1.845
