100
Particles
0 -0.157807 -3.50775 -1.93353
1 35.1568 6.2675 0.191521
2 36.1918 16.2128 -0.0482543
3 -0.40364 23.3141 2.70934
4 13.3672 17.0234 1.39217
5 1.55606 -4.33148 -2.03725
6 1.03274 -4.41312 -2.02741
7 13.0992 17.4414 1.39217
8 -3.09098 2.58788 -2.17338
9 -0.756475 32.4625 1.84801
10 22.7203 28.418 1.02053
11 6.59664 -7.71191 -1.61726
12 13.4214 17.555 1.39217
13 -0.267475 31.3859 1.85578
14 13.9748 16.9608 1.39217
15 12.1261 31.4584 1.29527
16 11.9049 33.0981 1.77661
17 11.1255 33.0659 1.77661
18 -7.06225 13.2322 -3.13365
19 21.7257 27.3178 1.05753
20 -9.26919 1.17592 -2.63252
21 0.567265 -11.3052 -1.71767
22 6.63581 -12.9684 -1.5281
23 -13.2103 12.8541 2.66752
24 26.2798 10.5241 0.401628
25 21.8337 28.1708 1.03474
26 0.890479 -5.44603 -2.03725
27 -0.066991 -10.1746 -1.71767
28 -0.580086 32.3006 1.84963
29 -0.291103 -10.678 -1.71767
30 27.373 0.266381 -0.689808
31 25.6521 10.812 0.401628
32 -11.5102 16.2019 2.63999
33 -3.46237 1.92482 -2.17338
34 -13.981 6.98139 2.69836
35 -3.45596 7.23177 -2.63365
36 21.0356 28.4357 1.03523
37 21.7249 28.9309 1.02435
38 23.2874 30.0691 1.01351
39 13.0282 31.5757 1.29527
40 0.127142 32.2699 1.85047
41 5.93292 -8.74655 -1.61726
42 0.12699 -4.42361 -1.9854
43 -3.71806 1.58448 -2.17338
44 21.0519 29.3982 1.02865
45 13.2347 31.2419 1.29527
46 18.5735 25.4967 1.09642
47 13.9027 17.7608 1.39217
48 9.34512 21.84 2.24929
49 11.1254 33.0813 1.77661
50 5.90569 -14.3581 -1.5334
51 22.4245 29.3561 1.01789
52 11.541 33.4871 1.77661
53 0.525456 34.2824 1.845
54 22.6045 29.1827 1.01789
55 -3.28667 7.8174 -2.63365
56 20.7774 -10.0973 -1.5126
57 22.7827 29.2821 1.01603
58 12.2064 33.5467 1.77661
59 -0.0585081 -11.603 -1.71767
60 1.26165 -4.31722 -2.03725
61 -7.13212 12.5598 -3.13365
62 -13.1175 13.7772 2.66752
63 20.8899 27.4768 1.05362
64 19.5631 25.5718 1.09642
65 1.46659 -4.973 -2.03725
66 -12.3466 27.7452 2.58822
67 -12.3591 13.2048 2.66752
68 1.97186 -4.66499 -2.03725
69 6.16847 -12.9688 -1.52954
70 5.61214 -13.457 -1.53197
71 0.8963 31.3287 1.8696
72 13.4935 16.111 1.39217
73 0.570704 -10.7883 -1.71767
74 25.7736 11.1036 0.401628
75 -3.94041 2.91501 -2.17338
76 12.863 17.8064 1.39217
77 0.225815 -11.7022 -1.71767
78 -5.24582 28.2694 1.97642
79 -5.76763 27.7936 1.97642
80 21.0356 26.6849 1.06145
81 26.6744 10.736 0.401628
82 11.9768 32.6885 1.77661
83 20.3881 26.3875 1.06488
84 12.4034 17.0127 1.39217
85 -3.68173 2.82096 -2.17338
86 22.024 29.8667 1.01755
87 13.7075 18.0429 1.39217
88 6.05846 -7.78638 -1.61726
89 -11.0252 16.1786 2.63999
90 32.3439 20.2219 0.595294
91 -0.695595 31.0343 1.85657
92 5.97088 -8.28074 -1.61726
93 -5.84117 27.8081 1.97642
94 5.25481 -8.31036 -1.61726
95 -1.39103 32.1318 1.84739
96 0.307495 31.1775 1.8651
97 22.3945 26.633 1.06699
98 0.567613 -4.66901 -2.02577
99 -0.0851188 33.636 1.845
