100
Particles
0 12.4146 6.52893 -0.413084
1 14.222 16.2904 0.747343
2 14.4434 1.97908 0.0949514
3 10.5235 6.65608 2.12871
4 10.5181 10.1664 1.12602
5 3.71133 14.3448 -2.42435
6 -0.637155 5.5396 2.58454
7 10.4638 20.5883 -0.346387
8 8.44474 8.44639 -1.01249
9 11.7762 3.00311 -2.47839
10 13.2824 1.04149 -0.443845
11 8.76693 19.684 -0.169174
12 9.59243 17.364 0.829459
13 16.0835 4.10889 -1.76918
14 3.52986 19.3175 0.715153
15 21.747 12.9796 -3.10436
16 1.9254 3.89555 -3.09457
17 17.9513 14.8816 1.58468
18 -0.80714 19.4967 1.85173
19 8.56542 9.41047 1.12742
20 6.81246 4.93209 0.117332
21 20.2408 20.0699 0.346066
22 13.3873 10.9932 -2.65009
23 7.22225 2.81505 -1.73205
24 -0.749384 9.92558 2.52299
25 3.35108 8.44972 2.17023
26 1.56273 9.82164 1.59271
27 17.6561 15.0371 -2.60826
28 12.6547 8.06665 -2.37404
29 0.157621 11.4138 2.38415
30 10.6253 8.48543 2.63427
31 0.782887 9.65936 1.96566
32 8.90147 10.9837 -0.270308
33 6.34116 18.6929 -1.82386
34 14.5593 17.0992 2.12159
35 2.80811 5.10836 -2.13796
36 19.541 9.30986 -0.190183
37 10.8362 19.3147 2.27544
38 4.01908 4.51493 0.612944
39 5.3553 14.4859 1.94729
40 4.13425 20.3487 2.74198
41 19.869 2.25544 -1.65941
42 10.5738 8.66567 -1.92734
43 -0.0239014 12.957 -2.97756
44 18.7183 7.36461 0.588451
45 2.23059 9.29123 -2.59417
46 10.0668 4.7438 -1.00797
47 9.63481 17.4036 -2.2417
48 5.91637 16.6556 0.694945
49 17.4504 5.26567 -1.35591
50 10.8744 5.37133 -2.97579
51 12.8756 3.96013 -1.06471
52 1.46284 20.4085 2.09051
53 1.12754 16.2463 2.54113
54 7.00295 22.7117 -2.39348
55 4.46668 8.45582 -1.29858
56 7.67942 10.0002 2.66542
57 10.8934 14.2114 2.29147
58 15.7044 10.5729 0.128751
59 14.593 20.1851 -0.424525
60 11.7688 16.8944 -1.86116
61 11.8891 12.9596 2.12906
62 3.52061 5.72689 -0.848401
63 2.76092 8.87894 -0.990118
64 10.307 10.0989 -2.44691
65 11.9629 15.8771 0.174451
66 14.137 11.1598 0.305879
67 10.259 8.02007 1.9613
68 16.0421 15.3358 2.31677
69 10.6336 15.9821 1.57726
70 18.6105 22.1852 2.21198
71 18.8264 7.80439 -2.17619
72 14.5419 16.0276 2.04383
73 4.50844 18.3257 -0.424761
74 16.9681 5.13762 1.5566
75 5.19563 4.6635 -2.81712
76 7.63853 3.60718 -0.634831
77 9.84284 15.2232 2.29673
78 8.36745 17.8141 3.06956
79 3.58252 17.8884 -0.40947
80 18.1661 15.3448 -2.14527
81 6.38483 9.83557 -0.591857
82 5.47921 12.776 2.55963
83 2.6011 7.27498 2.39305
84 5.95782 9.48871 2.97178
85 10.7954 1.62579 -3.20729
86 0.186777 3.66989 -2.7565
87 13.6822 3.58591 2.28802
88 16.3499 19.5906 -1.03534
89 9.44424 9.24058 1.57377
90 18.8976 6.81892 -1.5455
91 8.50756 10.5868 -0.183653
92 17.6633 10.869 1.66974
93 14.6003 11.1207 0.567956
94 2.43617 6.47445 -1.34444
95 15.526 7.91454 0.342676
96 10.8877 -0.840219 2.09455
97 5.85808 -0.814411 -0.604983
98 8.64746 20.1793 2.56293
99 14.5666 9.32623 0.885287
