100
Particles
0 10.6633 7.69768 2.37301
1 14.6121 19.2369 -1.5074
2 14.0757 2.74507 -2.30346
3 8.88704 4.18549 -1.9021
4 11.1798 8.63747 1.19354
5 5.88967 14.5291 -2.41713
6 0.24489 4.03368 -1.81476
7 12.2058 20.6978 1.02338
8 9.10882 7.92997 -2.69925
9 11.6106 1.97221 0.580317
10 10.8472 3.55791 2.51923
11 9.34478 19.9919 -2.32165
12 8.08458 16.5783 -2.68084
13 16.7203 2.54721 2.83553
14 3.30673 16.0754 -1.19986
15 20.3116 15.3158 2.72468
16 3.58382 2.74315 -1.37205
17 17.0729 15.0636 -1.21342
18 -0.705863 16.934 -0.417008
19 10.9828 8.8226 -2.67748
20 6.39649 5.4816 -2.77284
21 18.878 18.7644 -1.28232
22 15.0779 13.3113 0.507454
23 6.12593 4.31132 2.86041
24 0.0669979 9.44536 0.784164
25 5.08026 8.40082 1.44386
26 2.07352 10.624 2.09578
27 17.603 14.3238 2.85531
28 14.4856 6.52902 1.90357
29 0.714922 12.7734 -0.338647
30 10.5856 8.78929 2.79746
31 2.16431 8.50229 -0.540584
32 8.89737 9.96359 2.96892
33 6.99424 19.0157 2.46412
34 14.3058 15.6636 -1.14692
35 0.822696 5.51934 -2.51912
36 19.1446 7.97712 2.98327
37 11.7877 17.4287 -0.669169
38 4.37095 3.0291 1.86185
39 3.77779 11.994 -1.58528
40 4.08106 19.1318 -2.56338
41 17.8245 0.51395 -2.31516
42 11.1257 9.36403 -1.97364
43 2.91567 11.7301 1.30267
44 17.8589 6.56006 -0.271151
45 3.83113 7.69798 -2.05946
46 10.834 7.13144 -0.858454
47 9.19325 16.6129 0.286789
48 6.83544 16.8128 -1.98928
49 18.7405 5.80347 1.39923
50 11.3484 5.77383 3.11535
51 9.81325 2.54682 0.247619
52 1.60167 19.3662 -2.47491
53 4.39051 16.649 1.25178
54 5.93213 22.2808 0.562303
55 6.15658 8.00704 -1.56986
56 8.83826 10.0737 0.0236155
57 11.4419 14.0341 1.53505
58 14.5915 8.138 1.37486
59 14.1944 18.5481 -1.4478
60 12.6027 17.7714 -2.91215
61 13.2817 13.7041 2.64082
62 4.62607 4.66071 1.04081
63 3.02601 8.31535 -1.03626
64 12.3511 9.82904 -1.35834
65 10.9197 15.7654 -1.64979
66 14.1303 12.6793 2.38501
67 11.164 7.06359 -2.72123
68 14.8083 14.6357 2.66881
69 10.0691 16.3934 -2.17335
70 19.4133 20.5901 0.137165
71 18.3798 8.77678 1.48274
72 13.151 17.1727 -0.309503
73 4.87217 18.6727 -1.89284
74 18.1076 4.22392 -1.32489
75 5.19048 5.12346 0.0942596
76 7.91263 3.90881 2.77257
77 9.87849 13.7183 0.114247
78 9.09467 15.4706 1.98056
79 2.8316 17.4977 1.68167
80 15.5263 15.0336 -0.964427
81 8.42819 9.8228 1.37694
82 4.90488 12.2561 -2.30278
83 1.82887 4.36558 -2.91688
84 6.11452 6.04467 -0.518242
85 10.889 2.93995 0.504537
86 0.204652 4.56184 -2.41405
87 13.0565 2.93443 -0.149375
88 13.9427 17.3454 2.22701
89 9.92646 8.27057 2.60894
90 18.0153 6.02718 0.434398
91 7.02598 10.3235 -2.74865
92 17.115 10.3228 1.81951
93 13.619 11.9054 -0.353759
94 2.75156 5.71658 -2.9215
95 16.0394 6.61481 1.16137
96 9.79085 -0.912933 -0.135047
97 5.96398 0.20981 -0.793484
98 8.35867 20.5315 -1.46376
99 14.563 8.12109 -0.0674247
