100
Particles
0 0.15264 -2.30076 -1.76022
1 33.9297 6.02956 0.191521
2 34.9432 16.2731 -0.0482543
3 0.731393 22.7905 2.70934
4 13.1451 15.7933 1.39217
5 2.11821 -3.21502 -2.03725
6 1.59268 -3.29556 -2.03725
7 12.8771 16.2113 1.39217
8 -2.38251 3.61772 -2.17338
9 -0.417267 31.2594 1.84087
10 22.0642 27.354 1.01423
11 6.65471 -6.46326 -1.61726
12 13.1993 16.3249 1.39217
13 0.0848723 30.1866 1.85811
14 13.7527 15.7307 1.39217
15 11.786 30.2556 1.29527
16 12.1603 31.8744 1.77661
17 11.3809 31.8423 1.77661
18 -5.81229 13.2421 -3.13365
19 21.1204 26.2241 1.08629
20 -8.1777 1.78513 -2.63252
21 0.7502 -10.0687 -1.71767
22 6.57888 -11.7197 -1.51785
23 -12.0982 12.2834 2.66752
24 25.1292 10.0354 0.401628
25 21.1956 27.0959 1.02854
26 1.45263 -4.32957 -2.03725
27 0.115944 -8.93806 -1.71767
28 -0.238135 31.0983 1.84447
29 -0.108167 -9.44146 -1.71767
30 26.4088 1.06187 -0.689808
31 24.5015 10.3234 0.401628
32 -10.4142 15.6009 2.63999
33 -2.7539 2.95466 -2.17338
34 -12.8518 6.44532 2.69836
35 -2.36378 7.83974 -2.63365
36 20.3959 27.3617 1.03037
37 21.0729 27.8644 1.01841
38 22.6237 29.0099 1.00742
39 12.6881 30.3728 1.29527
40 0.470519 31.068 1.84636
41 5.99098 -7.4979 -1.61726
42 0.661773 -3.29441 -2.03725
43 -3.00959 2.61432 -2.17338
44 20.4043 28.329 1.02317
45 12.8946 30.039 1.29527
46 18.0025 24.3848 1.09642
47 13.6806 16.5307 1.39217
48 10.1296 20.8668 2.24929
49 11.3809 31.8576 1.77661
50 5.86253 -13.1089 -1.54366
51 21.7654 28.2941 1.01162
52 11.7965 32.2635 1.77661
53 0.863928 33.0791 1.845
54 21.9454 28.1207 1.01162
55 -2.19449 8.42537 -2.63365
56 20.7047 -8.84946 -1.5126
57 22.1216 28.2212 1.00979
58 12.4618 32.3231 1.77661
59 0.124427 -10.3665 -1.71767
60 1.8238 -3.20076 -2.03725
61 -5.88216 12.5697 -3.13365
62 -12.0053 13.2066 2.66752
63 20.2746 26.3887 1.05101
64 18.9921 24.4599 1.09642
65 2.02874 -3.85654 -2.03725
66 -11.2832 27.0883 2.58822
67 -11.247 12.6342 2.66752
68 2.53401 -3.54853 -2.03725
69 6.11528 -11.72 -1.52485
70 5.56524 -12.2079 -1.53665
71 1.27165 30.1364 1.88781
72 13.2714 14.8809 1.39217
73 0.753639 -9.5518 -1.71767
74 24.6231 10.615 0.401628
75 -3.23194 3.94485 -2.17338
76 12.6409 16.5763 1.39217
77 0.40875 -10.4657 -1.71767
78 -4.75258 27.1208 1.97642
79 -5.2744 26.645 1.97642
80 20.4299 25.5914 1.0627
81 25.5238 10.2473 0.401628
82 12.2323 31.4649 1.77661
83 19.7843 25.2931 1.07189
84 12.1813 15.7826 1.39217
85 -2.97326 3.8508 -2.17338
86 21.3645 28.8048 1.01131
87 13.4854 16.8128 1.39217
88 6.11653 -6.53773 -1.61726
89 -9.92918 15.5775 2.63999
90 31.3089 19.521 0.595294
91 -0.341818 29.8354 1.8602
92 6.02894 -7.03209 -1.61726
93 -5.34793 26.6596 1.97642
94 5.31288 -7.06171 -1.61726
95 -1.05288 30.9284 1.83947
96 0.67538 29.9829 1.87817
97 21.812 25.5272 1.14136
98 1.12719 -3.55128 -2.03725
99 0.253353 32.4327 1.845
