100
Particles
0 -1.19921 -5.78002 -2.02018
1 37.6111 6.74338 0.191521
2 38.6888 16.0922 -0.0482543
3 -2.67371 24.3614 2.70934
4 13.8114 19.4836 1.39217
5 0.450006 -6.57349 -2.02583
6 -0.0655475 -6.65896 -2.02511
7 13.5434 19.9016 1.39217
8 -4.50793 0.528203 -2.17338
9 -1.44829 34.8649 1.85271
10 24.019 30.5542 1.02708
11 6.48052 -10.2092 -1.61726
12 13.8656 20.0152 1.39217
13 -0.967975 33.7857 1.85433
14 14.419 19.421 1.39217
15 12.8062 33.8641 1.29527
16 11.394 35.5453 1.77661
17 10.6146 35.5132 1.77661
18 -9.56218 13.2123 -3.13365
19 22.9753 29.483 1.04182
20 -11.4522 -0.0425017 -2.63252
21 0.201394 -13.7783 -1.71767
22 6.73759 -15.4664 -1.53064
23 -15.4346 13.9954 2.66752
24 28.5808 11.5014 0.401628
25 23.1128 30.3188 1.03311
26 -0.212596 -7.68951 -2.02542
27 -0.432862 -12.6477 -1.71767
28 -1.2737 34.7025 1.85305
29 -0.656973 -13.1511 -1.71767
30 29.3014 -1.32459 -0.689808
31 27.9531 11.7893 0.401628
32 -13.7022 17.404 2.63999
33 -4.87931 -0.134855 -2.17338
34 -16.2395 8.05354 2.69836
35 -5.64033 6.01583 -2.63365
36 22.3126 30.5849 1.03393
37 23.0173 31.0709 1.02915
38 24.5966 32.1988 1.02373
39 13.7084 33.9814 1.29527
40 -0.567415 34.6715 1.85322
41 5.81679 -11.2439 -1.61726
42 -0.942613 -6.68312 -2.02258
43 -5.13501 -0.4752 -2.17338
44 22.3373 31.5424 1.03145
45 13.9148 33.6476 1.29527
46 19.7155 27.7207 1.09642
47 14.3469 20.221 1.39217
48 7.77608 23.7863 2.24929
49 10.6145 35.5285 1.77661
50 6.00407 -16.8562 -1.53086
51 23.7267 31.4903 1.02608
52 11.0301 35.9343 1.77661
53 -0.151486 36.689 1.845
54 23.9066 31.3168 1.02608
55 -5.47105 6.60145 -2.63365
56 20.9229 -12.5931 -1.5126
57 24.0878 31.4144 1.0251
58 11.6955 35.9939 1.77661
59 -0.424379 -14.0761 -1.71767
60 0.157226 -6.56003 -2.02566
61 -9.63204 12.5399 -3.13365
62 -15.3418 14.9185 2.66752
63 22.1424 29.6404 1.04125
64 20.705 27.7958 1.09642
65 0.36198 -7.21572 -2.02565
66 -14.4735 29.0591 2.58822
67 -14.5834 14.3461 2.66752
68 0.865813 -6.907 -2.02583
69 6.26933 -15.4668 -1.5307
70 5.71144 -15.955 -1.5308
71 0.180249 33.7239 1.85725
72 13.9377 18.5712 1.39217
73 0.204833 -13.2614 -1.71767
74 28.0747 12.0809 0.401628
75 -5.35735 0.855333 -2.17338
76 13.3072 20.2666 1.39217
77 -0.140056 -14.1753 -1.71767
78 -6.23229 30.5665 1.97642
79 -6.75411 30.0908 1.97642
80 22.2762 28.8553 1.04494
81 28.9754 11.7133 0.401628
82 11.4659 35.1358 1.77661
83 21.6214 28.5621 1.04748
84 12.8476 19.4729 1.39217
85 -5.09867 0.761284 -2.17338
86 23.3265 32.0006 1.02597
87 14.1517 20.5032 1.39217
88 5.94234 -10.2837 -1.61726
89 -13.2172 17.3807 2.63999
90 34.4138 21.6238 0.595294
91 -1.39694 33.4339 1.85449
92 5.85475 -10.778 -1.61726
93 -6.82764 30.1053 1.97642
94 5.13869 -10.8077 -1.61726
95 -2.08215 34.5344 1.85258
96 -0.403492 33.5743 1.8563
97 23.6357 28.8031 1.04385
98 -0.528464 -6.91592 -2.02485
99 -0.762061 36.0426 1.845
