100
Particles
0 12.1261 7.45728 2.2201
1 13.8105 16.8074 -1.10206
2 13.9148 3.41599 -2.37682
3 10.5771 6.49435 0.0617164
4 10.8758 9.35728 0.862754
5 4.18716 13.8515 -1.02539
6 -0.381374 4.9232 -1.27669
7 11.2346 20.5083 -2.47114
8 9.11041 8.9652 1.8749
9 11.9571 3.49736 0.767959
10 12.314 1.60414 -3.14078
11 8.72423 19.3552 1.45272
12 8.73094 16.8263 -2.5003
13 16.2767 4.1693 2.36496
14 3.54073 18.3585 0.162412
15 22.0552 13.4328 -0.705651
16 2.50814 3.48785 0.523589
17 18.2637 15.3482 0.0701206
18 -0.206598 18.6411 -0.169114
19 8.05525 8.9469 1.74221
20 6.26017 4.34253 0.0852654
21 20.9529 19.6966 -3.13992
22 13.8449 11.6258 0.291845
23 6.40438 2.73059 0.934857
24 -0.73398 10.0702 0.362632
25 3.72161 7.57014 -2.61731
26 1.03945 10.2183 0.593111
27 17.4432 14.5716 1.74563
28 13.1939 7.3355 1.97217
29 0.526274 11.9583 1.33165
30 11.2434 8.49773 2.07046
31 1.27112 9.29986 0.225433
32 9.46523 10.8573 1.44941
33 6.68461 19.8248 2.028
34 14.8604 16.1326 3.04888
35 1.82747 5.12243 0.0121369
36 18.639 9.61213 1.03069
37 11.6958 18.6736 1.05819
38 4.12667 3.98598 0.489913
39 5.22154 14.1271 1.61543
40 4.57137 20.0801 1.31821
41 19.7196 2.06288 0.692184
42 11.3433 9.07542 2.85201
43 0.476418 12.138 1.77412
44 18.3593 6.68974 -0.0628026
45 2.59723 9.92268 -1.16093
46 10.4028 5.15746 -1.49166
47 9.1583 16.5677 -0.215385
48 5.92399 16.5317 -1.54592
49 18.0107 5.5287 1.33258
50 11.5874 5.93264 2.94403
51 12.099 3.67522 -1.22733
52 1.16963 20.4791 0.0221544
53 2.16433 15.8091 2.46634
54 6.65034 23.4543 1.11011
55 4.72385 8.67463 -1.96613
56 8.18301 10.1394 2.17189
57 10.7137 14.1711 -1.45266
58 16.1207 10.2877 -1.4552
59 14.5911 19.1997 2.29915
60 11.3644 17.253 2.77773
61 11.9285 12.4052 -2.0669
62 3.84758 5.70897 -1.61488
63 2.75604 8.90154 -0.833275
64 10.2073 10.8106 0.113836
65 12.3988 16.1262 0.0735101
66 13.5412 10.7738 3.13569
67 10.458 7.03305 1.6143
68 16.6467 14.8505 0.0281962
69 10.1772 15.0109 1.03938
70 19.293 21.6371 1.86819
71 18.773 8.17303 -0.2945
72 14.5452 16.9712 -0.790245
73 4.18717 18.8453 1.03425
74 17.5926 4.744 0.823474
75 5.39749 5.12391 1.64396
76 7.24438 3.91099 -0.255752
77 10.4232 15.7452 -2.34562
78 8.53886 16.5059 2.18742
79 3.61932 16.9573 2.57703
80 18.1742 15.2683 2.39185
81 5.5034 10.0701 -2.24466
82 5.36491 12.8871 1.37988
83 3.05168 6.38844 1.22613
84 5.19388 9.536 -3.04887
85 10.4291 2.25102 -0.466388
86 0.716488 3.64059 -1.6982
87 13.6608 2.04883 -2.62268
88 15.6578 19.2075 -2.79243
89 8.50289 7.8725 0.459684
90 19.3331 6.69588 0.494009
91 8.58989 10.4414 0.660537
92 18.1506 11.1867 2.87718
93 14.1353 11.0633 -0.127197
94 2.45648 6.36956 -1.86711
95 15.2696 7.02435 0.876616
96 10.7259 -1.32362 -2.72938
97 5.59538 -0.243755 -3.30251
98 8.76313 19.5181 0.312201
99 14.424 8.62759 2.2899
