100
Particles
0 -1.74515 -6.9045 -2.02384
1 38.8383 6.98132 0.191521
2 39.9374 16.0319 -0.0482543
3 -3.80874 24.885 2.70934
4 14.0335 20.7138 1.39217
5 -0.0988377 -7.69655 -2.02517
6 -0.614019 -7.7822 -2.025
7 13.7655 21.1317 1.39217
8 -5.2164 -0.501637 -2.17338
9 -1.79656 36.0654 1.85338
10 24.6645 31.6247 1.02882
11 6.42245 -11.4579 -1.61726
12 14.0877 21.2453 1.39217
13 -1.3175 34.9859 1.85413
14 14.6411 20.6511 1.39217
15 13.1463 35.067 1.29527
16 11.1385 36.7689 1.77661
17 10.3591 36.7368 1.77661
18 -10.8121 13.2024 -3.13365
19 23.6085 30.5608 1.03835
20 -12.5437 -0.651714 -2.63252
21 0.0184585 -15.0148 -1.71767
22 6.7877 -16.7154 -1.53073
23 -16.5467 14.566 2.66752
24 29.7314 11.99 0.401628
25 23.7533 31.3923 1.03273
26 -0.761226 -8.81267 -2.02508
27 -0.615797 -13.8842 -1.71767
28 -1.62224 35.9029 1.85354
29 -0.839909 -14.3876 -1.71767
30 30.2656 -2.12008 -0.689808
31 29.1037 12.2779 0.401628
32 -14.7982 18.005 2.63999
33 -5.58778 -1.16469 -2.17338
34 -17.3687 8.58962 2.69836
35 -6.73252 5.40785 -2.63365
36 22.9523 31.6588 1.03327
37 23.6611 32.1424 1.03018
38 25.2449 33.2676 1.02664
39 14.0484 35.1842 1.29527
40 -0.916088 35.8719 1.85362
41 5.75873 -12.4925 -1.61726
42 -1.48979 -7.807 -2.0244
43 -5.84348 -1.50504 -2.17338
44 22.9791 32.615 1.03168
45 14.2549 34.8504 1.29527
46 20.2864 28.8327 1.09642
47 14.569 21.4511 1.39217
48 6.99156 24.7594 2.24929
49 10.3591 36.7521 1.77661
50 6.05405 -18.1052 -1.53078
51 24.3729 32.5602 1.02818
52 10.7747 37.1579 1.77661
53 -0.489958 37.8923 1.845
54 24.5529 32.3868 1.02818
55 -6.56323 5.99348 -2.63365
56 20.9956 -13.841 -1.5126
57 24.7349 32.4838 1.02754
58 11.44 37.2175 1.77661
59 -0.607314 -15.3126 -1.71767
60 -0.39153 -7.68314 -2.02513
61 -10.882 12.53 -3.13365
62 -16.4539 15.4892 2.66752
63 22.776 30.7179 1.038
64 21.276 28.9077 1.09642
65 -0.18677 -8.33883 -2.02513
66 -15.537 29.7161 2.58822
67 -15.6956 14.9167 2.66752
68 0.31697 -8.03006 -2.02517
69 6.3194 -16.7158 -1.53074
70 5.76146 -17.204 -1.53076
71 -0.171526 34.9234 1.85547
72 14.1598 19.8013 1.39217
73 0.0218976 -14.498 -1.71767
74 29.2252 12.5696 0.401628
75 -6.06582 -0.174507 -2.17338
76 13.5293 21.4967 1.39217
77 -0.322991 -15.4118 -1.71767
78 -6.72553 31.7151 1.97642
79 -7.24735 31.2393 1.97642
80 22.9068 29.9346 1.0404
81 30.126 12.2019 0.401628
82 11.2105 36.3594 1.77661
83 22.2498 29.6427 1.04207
84 13.0697 20.703 1.39217
85 -5.80714 -0.268556 -2.17338
86 23.9729 33.0705 1.02811
87 14.3738 21.7333 1.39217
88 5.88427 -11.5323 -1.61726
89 -14.3132 17.9817 2.63999
90 35.4488 22.3248 0.595294
91 -1.74659 34.634 1.8542
92 5.79669 -12.0267 -1.61726
93 -7.32088 31.2539 1.97642
94 5.08062 -12.0563 -1.61726
95 -2.43033 35.7349 1.85333
96 -0.754535 34.774 1.85503
97 24.2673 29.8818 1.03962
98 -1.0768 -8.03924 -2.02494
99 -1.10053 37.2459 1.845
