100
Particles
0 12.5412 6.77901 2.66791
1 12.6811 16.4186 2.64654
2 14.5019 1.29259 -0.157027
3 9.98866 7.20513 -1.2457
4 11.4925 10.4685 -1.22222
5 3.32727 14.0967 0.556971
6 -0.96985 5.37046 1.74378
7 10.4942 21.12 0.319351
8 9.22795 10.1589 0.15975
9 12.5175 3.11425 1.43509
10 13.182 2.11252 2.60173
11 7.66889 20.1647 -0.596684
12 9.66416 18.0316 1.50599
13 17.2839 4.6941 1.83417
14 3.87829 19.8778 -1.74528
15 22.2408 14.4984 3.02096
16 2.05514 2.93348 -0.965181
17 18.2108 16.4458 0.330709
18 -0.0643318 18.7523 2.95979
19 8.04317 8.30417 -0.706746
20 7.48857 6.34242 2.02447
21 20.2193 21.8573 -3.12964
22 13.5277 11.9476 -0.214652
23 4.91102 1.62999 2.86463
24 -0.736445 9.94937 2.87906
25 2.99613 8.90305 1.36515
26 0.989942 8.15825 -1.89777
27 17.0732 14.3794 1.50882
28 11.9902 7.44366 -2.09912
29 0.678322 11.909 -0.603873
30 10.2413 8.49663 -2.17146
31 1.24766 9.69674 1.51663
32 9.04648 10.2134 -1.92624
33 6.32583 20.2192 1.0281
34 16.0332 16.9011 2.44569
35 3.33338 7.32095 -0.0376112
36 19.832 9.01174 1.35268
37 9.40846 17.8269 -1.17513
38 4.63263 4.40212 1.37046
39 4.71801 15.5272 0.999346
40 5.83202 21.0366 -0.436742
41 22.0028 2.33335 -2.77235
42 9.36834 9.12683 -2.27057
43 -1.02141 13.0128 1.56337
44 19.5246 7.07405 0.305409
45 1.74814 8.75388 -1.66918
46 11.22 4.84754 1.40347
47 9.1454 17.053 2.15521
48 4.14313 17.4556 1.08779
49 18.4154 6.45551 -2.50269
50 10.1163 4.2041 -0.698063
51 14.5793 3.8877 -1.7468
52 -0.165741 19.856 2.80438
53 2.6312 16.1825 2.11556
54 6.46718 23.6122 2.90427
55 4.3021 8.65151 -2.99133
56 8.54295 11.3878 -1.79096
57 10.0367 12.4745 -0.971511
58 15.0297 9.91252 -2.7675
59 13.307 20.7189 -1.17441
60 13.5231 17.2997 -0.41164
61 11.8064 12.5815 2.15086
62 3.5605 6.22383 -0.253979
63 2.40961 9.23698 1.96056
64 10.1101 9.92092 1.87386
65 13.1448 16.1602 0.0864947
66 12.4186 13.0065 2.36246
67 10.6415 8.10343 -0.719913
68 15.8027 15.946 2.63472
69 10.2429 14.3921 0.929493
70 18.7792 23.1078 1.24076
71 16.8828 7.66001 1.47791
72 13.307 17.543 -0.138074
73 4.28333 17.8926 0.204275
74 16.0574 5.36889 -2.98098
75 4.7447 4.80376 3.09531
76 8.23424 3.96799 0.691164
77 10.9804 15.6856 1.36627
78 7.60796 18.1046 2.35245
79 3.92079 18.1179 3.01536
80 18.1599 15.9869 0.869243
81 5.90182 8.27345 -2.31428
82 5.31033 11.9707 -2.12805
83 2.71035 6.27313 1.2075
84 6.06745 9.61338 0.842529
85 11.2861 2.92767 1.39457
86 0.971547 3.84807 -0.591794
87 12.7096 2.72934 -3.08276
88 15.1367 19.9335 2.58574
89 9.00911 9.80705 0.139992
90 18.4423 7.08462 1.58236
91 7.68685 10.0673 -0.093521
92 17.3903 9.14872 1.16676
93 15.8051 11.2055 -2.1545
94 1.65124 6.05125 1.79719
95 16.8453 7.56135 -1.09253
96 12.269 -0.332375 -0.405924
97 6.69423 -1.40404 2.64991
98 9.76038 20.6524 0.757614
99 13.032 8.72885 2.08418
