100
Particles
0 12.0527 7.14822 -1.08051
1 13.4676 16.9324 -1.5062
2 13.8824 3.7203 -3.02614
3 10.3048 6.22997 1.18865
4 10.6929 9.41654 -1.75748
5 4.26937 13.9326 -1.86943
6 -0.427462 4.91386 1.22511
7 11.5508 20.8828 0.962883
8 9.2295 8.48061 0.285043
9 11.6057 3.50559 1.32646
10 12.6762 1.38098 0.600441
11 8.48769 18.9669 1.9864
12 8.80184 16.762 -2.19161
13 16.4534 3.74409 -1.60673
14 3.5372 18.3761 2.67359
15 21.6792 13.7623 -0.419016
16 2.16908 3.14494 1.62594
17 17.8731 15.1244 0.435169
18 -0.603436 18.8829 1.04506
19 7.94664 8.50151 -2.82996
20 6.16516 4.12437 0.281971
21 21.1268 19.9351 0.713455
22 13.821 11.6804 -0.648968
23 6.44034 2.69822 -1.53226
24 -0.801493 9.79476 -0.37168
25 4.00592 7.45468 2.35746
26 0.844807 9.82884 -0.371019
27 17.3935 14.5574 -2.75342
28 13.44 7.30655 -1.05529
29 0.281877 11.5475 2.22147
30 11.1929 8.09525 -1.4279
31 1.26933 9.18078 3.12757
32 9.64445 10.7456 2.76547
33 6.71606 19.8377 0.592446
34 14.8828 16.0037 1.35207
35 1.64495 5.36012 -2.67066
36 18.4273 9.16196 -0.0365279
37 11.5918 18.7051 3.08886
38 4.15426 3.89838 3.00913
39 5.01752 13.75 -2.01624
40 4.39562 19.6151 -2.64612
41 19.3775 1.70309 -0.390214
42 11.7475 9.19218 1.85452
43 0.689111 11.7029 -3.02032
44 18.3564 6.664 3.12058
45 2.32326 9.97281 2.67829
46 10.2308 5.60501 -1.33793
47 9.12492 16.7554 -1.40278
48 5.84873 16.5413 0.970991
49 17.921 5.03766 -1.80897
50 11.7855 6.1291 -0.738489
51 11.7745 3.84189 1.11619
52 0.68774 20.3803 2.82364
53 2.25981 15.8821 -1.53659
54 6.3337 23.3727 1.57307
55 4.58034 8.83466 2.67974
56 8.4561 10.1457 3.0201
57 10.8867 14.2726 -1.87417
58 16.279 10.3702 1.69186
59 14.5935 19.2018 -1.17972
60 11.747 16.9632 -3.08477
61 12.109 12.8674 -0.778021
62 4.10577 5.99622 2.28035
63 2.37983 8.94802 -2.00448
64 10.0947 10.5723 -1.69574
65 12.3481 16.2596 -1.18
66 13.656 10.9826 0.191469
67 10.2188 6.78002 -2.25594
68 16.5565 14.6511 0.914203
69 9.82307 14.6917 2.06861
70 19.6045 21.3222 -2.84973
71 18.2838 8.25115 2.34736
72 14.3284 17.3955 -1.53739
73 3.81902 18.5617 1.79064
74 17.5933 4.37796 -1.85319
75 5.24927 4.68808 -2.06758
76 7.03509 4.2221 -1.33173
77 10.6776 15.6868 -1.2692
78 8.8753 16.4622 -1.10975
79 4.07961 16.8021 -0.549237
80 18.132 14.9893 -0.288655
81 5.80765 10.0642 0.358027
82 5.19472 12.8594 -2.87927
83 2.89468 5.91389 -1.12372
84 5.67127 9.45764 -0.372776
85 9.9611 2.31236 -2.52558
86 0.990115 3.95183 1.71198
87 14.101 2.28564 1.88014
88 15.678 19.165 -2.65256
89 8.50746 7.66042 1.93586
90 18.8633 6.58942 -0.303573
91 8.62891 10.2068 -0.582274
92 18.3128 11.3586 -1.35484
93 13.6568 11.1917 -2.37657
94 2.56237 6.85649 0.11067
95 15.149 6.58533 -0.846864
96 11.0315 -1.46146 -2.34656
97 5.85482 -0.0341325 1.97451
98 8.4243 19.6701 2.74158
99 14.8211 8.53162 1.91208
