100
Particles
0 -13.9189 -31.8417 -2.02497
1 66.0809 12.2636 0.191521
2 67.6551 14.6934 -0.0482543
3 -29.0065 36.5099 2.70934
4 18.9641 48.0222 1.39217
5 -12.2735 -32.6333 -2.02497
6 -12.7885 -32.719 -2.02497
7 18.6961 48.4402 1.39217
8 -20.9444 -23.3641 -2.17338
9 -9.54883 62.7106 1.85396
10 38.9098 55.4392 1.03203
11 5.13345 -39.1779 -1.61726
12 19.0182 48.5538 1.39217
13 -9.07082 61.6307 1.85396
14 19.5717 47.9596 1.39217
15 20.6958 61.7703 1.29527
16 5.46755 63.9333 1.77661
17 4.68817 63.9011 1.77661
18 -38.5613 12.9819 -3.13365
19 37.8314 54.3887 1.03204
20 -36.7749 -14.1762 -2.63252
21 -4.04271 -42.466 -1.71767
22 7.89864 -44.4431 -1.53075
23 -41.2364 27.2343 2.66752
24 55.2732 22.838 0.401628
25 37.9894 55.2123 1.03204
26 -12.9358 -33.7494 -2.02497
27 -4.67696 -41.3354 -1.71767
28 -9.37472 62.548 1.85396
29 -4.90107 -41.8388 -1.71767
30 51.6711 -19.7799 -0.689808
31 54.6455 23.1259 0.401628
32 -39.1298 31.3482 2.63999
33 -21.3158 -24.0271 -2.17338
34 -42.4372 20.4905 2.69836
35 -30.979 -8.08913 -2.63365
36 37.1872 55.4797 1.03204
37 37.9032 55.9588 1.03203
38 39.4954 57.079 1.03203
39 21.5979 61.8875 1.29527
40 -8.66868 62.5169 1.85396
41 4.46973 -40.2125 -1.61726
42 -13.6639 -32.744 -2.02497
43 -21.5715 -24.3675 -2.17338
44 37.2177 56.4336 1.03203
45 21.8044 61.5538 1.29527
46 32.9622 53.5184 1.09642
47 19.4995 48.7596 1.39217
48 -10.4248 46.3634 2.24929
49 4.6881 63.9165 1.77661
50 7.16497 -45.833 -1.53075
51 38.6198 56.3738 1.03203
52 5.10373 64.3223 1.77661
53 -8.00402 64.6056 1.845
54 38.7998 56.2004 1.03203
55 -30.8098 -7.50351 -2.63365
56 22.6097 -41.544 -1.5126
57 38.9833 56.2965 1.03203
58 5.76908 64.3819 1.77661
59 -4.66848 -42.7639 -1.71767
60 -12.5661 -32.6199 -2.02497
61 -38.6311 12.3095 -3.13365
62 -41.1435 28.1575 2.66752
63 36.9997 54.5454 1.03204
64 33.9518 53.5935 1.09642
65 -12.3614 -33.2756 -2.02497
66 -39.1455 44.3004 2.58822
67 -40.3852 27.585 2.66752
68 -11.8577 -32.9668 -2.02497
69 7.43034 -44.4436 -1.53075
70 6.87238 -44.9318 -1.53075
71 -7.92675 61.5677 1.85396
72 19.0903 47.1098 1.39217
73 -4.03927 -41.9492 -1.71767
74 54.767 23.4175 0.401628
75 -21.7939 -23.0369 -2.17338
76 18.4599 48.8052 1.39217
77 -4.38416 -42.863 -1.71767
78 -17.6754 57.2134 1.97642
79 -18.1972 56.7376 1.97642
80 37.1248 53.7654 1.03204
81 55.6678 23.0499 0.401628
82 5.53953 63.5238 1.77661
83 36.4639 53.4759 1.03204
84 18.0003 48.0115 1.39217
85 -21.5352 -23.131 -2.17338
86 38.22 56.884 1.03203
87 19.3043 49.0417 1.39217
88 4.59527 -39.2524 -1.61726
89 -38.6448 31.3249 2.63999
90 58.4253 37.8856 0.595294
91 -9.50001 61.2789 1.85396
92 4.50769 -39.7467 -1.61726
93 -18.2708 56.7521 1.97642
94 3.79162 -39.7764 -1.61726
95 -10.1825 62.3801 1.85396
96 -8.50914 61.4185 1.85396
97 38.4872 53.7115 1.03204
98 -13.2513 -32.9761 -2.02497
99 -8.6146 63.9592 1.845
