100
Particles
0 -4.37671 -12.2966 -2.02497
1 44.7286 8.12343 0.191521
2 45.9304 15.7425 -0.0482543
3 -9.2569 27.3985 2.70934
4 15.0996 26.6183 1.39217
5 -2.7313 -13.0882 -2.02497
6 -3.24636 -13.1739 -2.02497
7 14.8316 27.0363 1.39217
8 -8.61706 -5.44487 -2.17338
9 -3.47211 41.8267 1.85394
10 27.7496 36.7707 1.03164
11 6.14375 -17.4514 -1.61726
12 15.1537 27.1498 1.39217
13 -2.99408 40.7469 1.85396
14 15.7072 26.5556 1.39217
15 14.7786 40.8407 1.29527
16 9.91235 42.6423 1.77661
17 9.13298 42.6102 1.77661
18 -16.8119 13.1547 -3.13365
19 26.6739 35.7186 1.03282
20 -17.7829 -3.57593 -2.63252
21 -0.859631 -20.9502 -1.71767
22 7.02791 -22.7106 -1.53075
23 -21.885 17.3051 2.66752
24 35.2539 14.3355 0.401628
25 26.8303 36.5432 1.03212
26 -3.39362 -14.2044 -2.02497
27 -1.49389 -19.8196 -1.71767
28 -3.29801 41.6641 1.85395
29 -1.718 -20.323 -1.71767
30 34.8938 -5.93841 -0.689808
31 34.6262 14.6234 0.401628
32 -20.0591 20.8901 2.63999
33 -8.98844 -6.10792 -2.17338
34 -22.7889 11.1628 2.69836
35 -11.975 2.48959 -2.63365
36 26.0282 36.8104 1.03219
37 26.7434 37.2902 1.03181
38 28.3345 38.411 1.03137
39 15.6807 40.9579 1.29527
40 -2.59196 41.6331 1.85395
41 5.48003 -18.486 -1.61726
42 -4.12173 -13.1989 -2.02497
43 -9.24413 -6.44827 -2.17338
44 26.0582 37.7647 1.03199
45 15.8872 40.6241 1.29527
46 23.0272 34.1701 1.09642
47 15.635 27.3556 1.39217
48 3.22585 29.4305 2.24929
49 9.13291 42.6255 1.77661
50 6.29424 -24.1004 -1.53075
51 27.4594 37.7055 1.03156
52 9.54854 43.0313 1.77661
53 -2.11462 43.6681 1.845
54 27.6393 37.5321 1.03156
55 -11.8057 3.07521 -2.63365
56 21.3446 -19.8308 -1.5126
57 27.8227 37.6283 1.03148
58 10.2139 43.0909 1.77661
59 -1.4854 -21.248 -1.71767
60 -3.02396 -13.0748 -2.02497
61 -16.8818 12.4823 -3.13365
62 -21.7922 18.2283 2.66752
63 25.8421 35.8753 1.03278
64 24.0167 34.2452 1.09642
65 -2.8192 -13.7305 -2.02497
66 -20.6415 32.8694 2.58822
67 -21.0339 17.6558 2.66752
68 -2.31549 -13.4217 -2.02497
69 6.55961 -22.711 -1.53075
70 6.00165 -23.1992 -1.53075
71 -1.84996 40.6839 1.85399
72 15.2258 25.7058 1.39217
73 -0.856192 -20.4334 -1.71767
74 34.7478 14.9151 0.401628
75 -9.46648 -5.11774 -2.17338
76 14.5954 27.4013 1.39217
77 -1.20108 -21.3472 -1.71767
78 -9.09307 37.2282 1.97642
79 -9.61489 36.7525 1.97642
80 25.9679 35.095 1.03307
81 35.6485 14.5474 0.401628
82 9.98433 42.2328 1.77661
83 25.3075 34.8051 1.03328
84 14.1358 26.6076 1.39217
85 -9.2078 -5.21179 -2.17338
86 27.0595 38.2157 1.03155
87 15.4398 27.6378 1.39217
88 5.60557 -17.5259 -1.61726
89 -19.5741 20.8667 2.63999
90 40.4167 25.6893 0.595294
91 -3.42326 40.395 1.85396
92 5.51799 -18.0202 -1.61726
93 -9.68842 36.767 1.97642
94 4.80192 -18.0498 -1.61726
95 -4.10579 41.4962 1.85394
96 -2.43237 40.5346 1.85398
97 27.33 35.0412 1.03297
98 -3.7091 -13.431 -2.02497
99 -2.7252 43.0217 1.845
