100
Particles
0 -8.65423 -21.0582 -2.02497
1 54.3003 9.97936 0.191521
2 55.6691 15.2722 -0.0482543
3 -18.1102 31.4829 2.70934
4 16.832 36.2132 1.39217
5 -7.00882 -21.8498 -2.02497
6 -7.52388 -21.9355 -2.02497
7 16.564 36.6311 1.39217
8 -14.1431 -13.4776 -2.17338
9 -6.19615 51.1884 1.85396
10 32.7529 45.1391 1.03202
11 5.69086 -27.1909 -1.61726
12 16.8861 36.7447 1.39217
13 -5.71814 50.1086 1.85396
14 17.4395 36.1505 1.39217
15 17.4312 50.2229 1.29527
16 7.91985 52.1865 1.77661
17 7.14048 52.1544 1.77661
18 -26.5616 13.0772 -3.13365
19 31.6746 44.0885 1.03206
20 -26.2965 -8.32778 -2.63252
21 -2.28653 -30.5952 -1.71767
22 7.41824 -32.4527 -1.53075
23 -30.5598 21.7561 2.66752
24 44.2281 18.147 0.401628
25 31.8326 44.9122 1.03204
26 -7.67114 -22.966 -2.02497
27 -2.92078 -29.4647 -1.71767
28 -6.02204 51.0259 1.85396
29 -3.14489 -29.968 -1.71767
30 42.4147 -12.1432 -0.689808
31 43.6004 18.4349 0.401628
32 -28.608 25.5782 2.63999
33 -14.5145 -14.1407 -2.17338
34 -31.5968 15.3442 2.69836
35 -20.4941 -2.2526 -2.63365
36 31.0303 45.1795 1.03204
37 31.7463 45.6587 1.03203
38 33.3385 46.7789 1.03201
39 18.3333 50.3401 1.29527
40 -5.316 50.9948 1.85396
41 5.02714 -28.2255 -1.61726
42 -8.39925 -21.9605 -2.02497
43 -14.7702 -14.481 -2.17338
44 31.0608 46.1335 1.03203
45 18.5398 50.0064 1.29527
46 27.4808 42.8435 1.09642
47 17.3674 36.9505 1.39217
48 -2.89342 37.0211 2.24929
49 7.14041 52.1697 1.77661
50 6.68457 -33.8426 -1.53075
51 32.4629 46.0737 1.03202
52 7.55604 52.5756 1.77661
53 -4.7547 53.0539 1.845
54 32.6429 45.9003 1.03202
55 -20.3248 -1.66697 -2.63365
56 21.9117 -29.5643 -1.5126
57 32.8264 45.9964 1.03202
58 8.22139 52.6352 1.77661
59 -2.9123 -30.8931 -1.71767
60 -7.30148 -21.8364 -2.02497
61 -26.6315 12.4048 -3.13365
62 -30.4669 22.6793 2.66752
63 30.8429 44.2452 1.03206
64 28.4704 42.9186 1.09642
65 -7.09672 -22.4921 -2.02497
66 -28.9364 37.9937 2.58822
67 -29.7086 22.1068 2.66752
68 -6.59301 -22.1833 -2.02497
69 6.94994 -32.4532 -1.53075
70 6.39198 -32.9414 -1.53075
71 -4.57407 50.0456 1.85396
72 16.9582 35.3007 1.39217
73 -2.28309 -30.0784 -1.71767
74 43.7219 18.7265 0.401628
75 -14.9925 -13.1505 -2.17338
76 16.3278 36.9961 1.39217
77 -2.62798 -30.9922 -1.71767
78 -12.9403 46.1871 1.97642
79 -13.4621 45.7113 1.97642
80 30.968 43.4653 1.03207
81 44.6227 18.3589 0.401628
82 7.99183 51.777 1.77661
83 30.3071 43.1757 1.03208
84 15.8682 36.2024 1.39217
85 -14.7339 -13.2445 -2.17338
86 32.0631 46.5839 1.03202
87 17.1722 37.2327 1.39217
88 5.15268 -27.2653 -1.61726
89 -28.123 25.5549 2.63999
90 48.4895 31.1566 0.595294
91 -6.14733 49.7567 1.85396
92 5.06509 -27.7597 -1.61726
93 -13.5357 45.7259 1.97642
94 4.34903 -27.7893 -1.61726
95 -6.82982 50.858 1.85396
96 -5.15646 49.8963 1.85396
97 32.3304 43.4113 1.03207
98 -7.98663 -22.1926 -2.02497
99 -5.36527 52.4075 1.845
