100
Particles
0 13.016 6.40611 0.0675122
1 12.6934 16.4658 -2.58738
2 14.0679 1.2896 -2.26151
3 9.38827 7.01223 1.30601
4 11.4772 10.478 2.12481
5 3.76187 14.0964 0.14418
6 -0.762018 4.6835 -0.557854
7 10.9295 20.8234 -1.23143
8 8.97413 10.3676 -2.78201
9 12.3796 3.2545 -0.0058614
10 13.8755 1.85488 -2.09656
11 7.40429 19.9164 -2.69488
12 9.64015 17.7032 -2.86811
13 16.8887 4.37113 -2.37593
14 3.6235 20.0681 -2.08924
15 22.6608 13.8158 -2.5506
16 1.64865 2.9476 2.73914
17 17.4091 16.2351 2.9849
18 0.37866 18.7031 -1.32322
19 8.27972 8.27116 3.10428
20 7.59025 5.51855 -2.55621
21 20.5514 21.6737 1.36067
22 12.9655 11.8489 0.54498
23 5.62154 1.44126 1.94138
24 -1.10179 10.2144 -0.680291
25 2.70868 8.59526 1.68405
26 1.22378 8.79596 2.65773
27 17.3703 14.3163 2.95528
28 12.7274 7.70084 2.55336
29 0.541118 12.314 -1.70226
30 10.3283 7.98943 1.90452
31 1.39094 9.90869 3.12008
32 9.28076 9.98967 2.8153
33 5.9769 20.1768 1.75116
34 16.3421 16.4852 -2.23124
35 3.136 6.97654 -3.06033
36 19.4906 9.45946 1.16766
37 9.78162 18.0407 0.78994
38 5.00889 4.7264 1.72856
39 4.38973 15.3225 -0.150723
40 5.14491 21.0837 -1.19068
41 21.8695 2.16251 -0.0932018
42 9.74166 9.20222 2.09113
43 -0.532192 12.6692 2.62802
44 18.8385 7.37791 2.63174
45 2.16561 9.38185 0.620168
46 11.3521 4.17153 2.59754
47 9.87065 16.9768 -0.786841
48 4.06314 17.4796 -2.80602
49 18.2276 5.98182 1.39505
50 9.62687 4.38925 -1.58445
51 14.4313 3.90874 0.197017
52 -0.227399 19.7102 2.19819
53 2.81585 15.6578 3.13289
54 6.54318 23.2035 0.569992
55 4.83454 8.35163 1.42635
56 8.45386 11.463 1.92566
57 9.68196 12.651 -2.89501
58 15.0583 10.3364 -0.0973672
59 13.2756 20.4233 2.58668
60 12.656 17.2963 -1.18588
61 12.14 12.4668 -1.69184
62 3.79426 6.74896 -1.4149
63 2.51124 8.87879 1.7646
64 10.4709 9.6886 -0.740863
65 13.2099 15.6421 0.353894
66 13.032 12.8236 2.58124
67 9.82866 8.61992 -2.82422
68 15.9719 15.8596 1.1784
69 10.4232 14.6589 -3.06659
70 18.5605 22.355 2.13582
71 16.8977 7.65801 2.84954
72 13.2144 17.214 1.95575
73 4.4726 18.4188 -2.65848
74 16.4177 6.14062 1.07478
75 5.14831 4.26296 -0.44325
76 7.71944 3.57916 1.1599
77 10.5928 16.0425 -0.197436
78 8.35283 17.7851 0.753334
79 3.90937 18.6282 -0.499202
80 18.2781 15.7803 0.752965
81 6.15408 8.31452 0.736349
82 5.33362 12.4178 -3.10869
83 2.67168 6.75499 1.86658
84 6.14467 9.56187 -3.04764
85 11.2715 2.48148 -1.89857
86 0.165973 4.10179 1.28413
87 12.9118 2.7808 1.55679
88 16.0189 20.014 2.23325
89 8.89927 9.75006 -1.19487
90 18.2921 7.38012 3.13567
91 7.55755 10.3399 0.948081
92 17.3697 8.44091 0.0783084
93 15.8831 11.6227 0.759502
94 1.78523 5.82255 -2.31807
95 16.4775 7.57427 -2.69453
96 12.3855 -0.520814 -1.68673
97 6.56834 -1.54285 -0.376871
98 9.02004 20.4583 1.51142
99 13.4309 8.46777 -2.80022
