100
Particles
0 9.61375 6.71051 -0.0685186
1 12.9961 18.528 0.102278
2 15.4616 3.00456 2.87925
3 7.75292 3.31353 3.07351
4 10.7242 7.29545 0.713803
5 6.51275 14.3117 1.73755
6 0.495287 4.00736 1.37259
7 12.5766 20.0382 -0.525691
8 10.1236 8.31122 0.92549
9 9.94039 3.76557 -0.3671
10 10.6135 2.75178 1.25782
11 10.3492 19.0385 -1.83253
12 8.28039 17.3804 -0.359011
13 14.491 2.61453 2.97714
14 3.37541 17.5259 -1.85107
15 20.3116 16.7934 0.985418
16 4.95786 4.68951 -0.545596
17 16.6062 14.7546 -1.8167
18 0.122127 17.3065 -0.451634
19 11.6667 9.04056 0.636208
20 4.87866 7.24156 -0.352916
21 19.3669 18.6681 1.88348
22 14.8988 11.9242 0.542467
23 7.20578 5.40001 1.54752
24 0.114594 9.36369 0.246146
25 5.13388 8.44624 1.32905
26 1.98737 10.3062 -1.50751
27 16.3158 13.4308 0.786456
28 15.5987 6.89566 2.81357
29 1.27738 13.6388 1.36541
30 11.7503 8.74207 -1.07483
31 1.15298 8.60177 -0.643894
32 9.11146 9.0791 -1.17995
33 7.84345 19.0433 -1.26513
34 13.2673 16.2253 -2.39367
35 0.650855 5.61267 -0.160287
36 19.8369 7.67119 3.12665
37 11.7205 17.9827 -2.8213
38 4.57229 5.0077 -1.67397
39 4.52111 11.9471 -1.7097
40 3.54215 19.1768 2.46481
41 18.4664 2.044 -2.31056
42 11.0341 9.97979 2.81292
43 1.76437 12.207 0.907503
44 17.0092 6.20418 0.31292
45 1.60155 7.48813 -2.89024
46 11.5704 6.38518 2.46353
47 9.13456 15.7738 -2.27449
48 6.16019 17.4899 -0.317022
49 17.7709 6.93058 1.319
50 14.3702 5.79937 -1.42688
51 8.91076 1.92905 -0.238443
52 0.327289 19.7289 -2.03297
53 4.38866 16.0107 2.48616
54 6.23917 19.6793 1.73122
55 5.19136 7.59084 2.2012
56 10.1387 10.6766 -0.362833
57 10.6939 14.1398 3.13389
58 13.0171 6.83559 -2.31472
59 12.8455 17.532 2.46889
60 10.6779 20.2449 -0.418615
61 12.3114 12.0749 0.75588
62 4.51291 3.77861 1.9295
63 1.84377 8.85966 -0.252918
64 12.7444 9.51199 -1.31161
65 10.7343 17.1874 -1.0686
66 13.6165 15.4322 2.55906
67 12.5584 7.28482 1.27631
68 15.3284 15.1139 -0.666728
69 10.563 16.4662 -2.70271
70 18.0336 19.8109 0.61521
71 17.6469 9.7057 1.01379
72 13.8154 19.0323 1.5529
73 6.49189 16.0015 -3.05774
74 19.3328 6.12658 2.13879
75 4.80062 4.37014 1.35849
76 8.16967 2.20259 2.68664
77 8.29363 15.8994 -1.09147
78 9.02863 15.6692 -2.8945
79 3.43251 18.4962 1.78293
80 15.7168 13.48 -1.84456
81 6.94654 11.2513 0.899625
82 5.17936 14.4602 2.49749
83 0.927568 4.27162 1.91294
84 7.73278 5.70787 2.45201
85 9.96265 2.04585 0.925372
86 1.71662 6.5963 -1.12407
87 14.9558 4.63624 -1.27437
88 14.4822 14.5865 -1.47163
89 10.7699 8.39611 -2.87259
90 17.4381 6.48761 -0.925422
91 6.51981 10.9007 -1.76013
92 16.655 9.7366 -1.03942
93 13.6878 11.2269 -1.66403
94 4.03669 5.76994 -2.01924
95 15.1294 7.8833 -1.67603
96 8.98606 -0.390355 2.39106
97 6.0777 0.736351 -2.92491
98 10.0234 19.8004 1.35542
99 13.0291 7.75001 1.32288
