100
Particles
0 2.45918 9.73013 -1.76022
1 21.9037 3.69774 0.191521
2 22.7075 16.864 -0.0482543
3 11.8547 17.6588 2.70934
4 10.9247 3.89073 2.66337
5 7.64975 7.71468 -2.08726
6 7.11229 7.64039 -2.04167
7 9.64176 4.52133 0.710192
8 4.42173 13.7891 -1.88681
9 0.75593 19.1143 1.60854
10 15.5207 16.9988 1.05722
11 7.33493 5.76053 -1.97608
12 10.4056 4.44604 0.801668
13 4.41616 18.881 1.49711
14 15.6034 5.99657 -2.86542
15 8.45338 18.4676 1.29528
16 15.0728 20.0743 2.26326
17 12.9685 20.1269 0.56735
18 6.43732 13.3395 -3.13365
19 15.843 15.1776 1.26446
20 2.51895 7.75541 -2.63252
21 2.53711 2.0503 -1.70194
22 5.20336 0.447585 -1.7425
23 -1.19915 6.69113 2.66752
24 16.3007 2.48967 1.05208
25 14.7074 16.7072 1.07145
26 6.89612 6.64218 -1.99912
27 1.91886 3.17849 -1.74596
28 1.0576 18.9725 1.60854
29 1.69031 2.67579 -1.73353
30 16.9595 8.85763 -0.689808
31 12.8914 9.27181 -0.239275
32 0.32675 9.71065 2.63999
33 4.41219 12.8623 -1.86769
34 -1.78552 1.19178 2.69836
35 8.33964 13.7979 -2.63365
36 13.8508 17.0092 1.06934
37 14.4813 17.5405 1.00146
38 16.0858 18.6518 1.11743
39 9.35548 18.5848 1.29527
40 5.9902 20.6575 2.76
41 6.45932 4.73466 -1.32291
42 6.16163 7.65145 -1.97401
43 4.43131 12.1049 1.73303
44 12.5565 19.231 0.56735
45 9.56196 18.2511 1.29525
46 12.4069 13.4874 0.978414
47 11.2466 4.58927 2.66337
48 17.818 11.3299 2.24929
49 12.9381 20.1407 0.56735
50 8.93605 -1.32451 -1.87285
51 15.1826 17.9636 0.966615
52 14.5094 20.3751 2.26326
53 4.18095 21.2867 1.845
54 15.3685 17.7864 0.985143
55 8.50893 14.3835 -2.63365
56 19.9922 3.3798 -1.5126
57 15.5582 17.8785 1.01892
58 15.4689 20.553 2.26326
59 1.91282 1.75227 -1.70453
60 7.34901 7.73228 -2.07238
61 6.36746 12.667 -3.13365
62 -1.10631 7.61427 2.66752
63 15.0413 15.3202 1.26446
64 13.3965 13.5625 1.21442
65 7.54124 7.08301 -2.06595
66 -0.861407 20.6502 2.58822
67 -0.347978 7.04184 2.66752
68 8.06555 7.38118 -2.08726
69 4.70146 0.4447 -1.45402
70 4.17572 -0.0518663 -1.13582
71 6.95004 19.3768 2.356
72 14.5548 3.99299 1.68802
73 2.5486 2.56598 -1.7237
74 13.0257 9.53037 -0.239275
75 3.37853 14.219 -1.93815
76 9.14697 5.07761 0.48405
77 2.19566 1.6533 -1.70194
78 0.0811507 15.8648 1.97642
79 -0.440668 15.389 1.97642
80 15.1718 14.5311 1.12541
81 16.8516 2.49949 1.05208
82 15.1734 19.6722 2.26326
83 14.4819 14.2576 0.805916
84 8.49206 4.45005 0.361318
85 3.70611 14.0883 -1.91906
86 14.7792 18.476 0.966615
87 10.4723 4.99363 0.801668
88 6.77313 5.68832 -1.84331
89 0.811754 9.68731 2.63999
90 21.1661 12.6518 0.595294
91 3.81416 18.4952 1.49711
92 6.58105 5.20523 -1.45833
93 -0.5142 15.4036 1.97642
94 5.75761 5.16887 -1.32291
95 0.0955776 18.7783 1.60854
96 6.14958 19.1073 2.356
97 17.6901 13.9925 1.22939
98 6.62513 7.3956 -2.01639
99 3.57037 20.6403 1.845
