100
Particles
0 -8.98327 -21.7322 -2.02497
1 55.0366 10.1221 0.191521
2 56.4182 15.236 -0.0482543
3 -18.7912 31.7971 2.70934
4 16.9652 36.9512 1.39217
5 -7.33786 -22.5238 -2.02497
6 -7.85292 -22.6095 -2.02497
7 16.6972 37.3692 1.39217
8 -14.5682 -14.0955 -2.17338
9 -6.40569 51.9086 1.85396
10 33.1377 45.7828 1.03202
11 5.65602 -27.9401 -1.61726
12 17.0194 37.4828 1.39217
13 -5.92768 50.8287 1.85396
14 17.5728 36.8886 1.39217
15 17.6352 50.9446 1.29527
16 7.76658 52.9207 1.77661
17 6.98721 52.8886 1.77661
18 -27.3116 13.0713 -3.13365
19 32.0594 44.7323 1.03206
20 -26.9514 -8.69331 -2.63252
21 -2.39629 -31.3372 -1.71767
22 7.44827 -33.2021 -1.53075
23 -31.2271 22.0985 2.66752
24 44.9184 18.4401 0.401628
25 32.2174 45.5559 1.03204
26 -8.00018 -23.6399 -2.02497
27 -3.03054 -30.2066 -1.71767
28 -6.23159 51.746 1.85396
29 -3.25466 -30.71 -1.71767
30 42.9932 -12.6205 -0.689808
31 44.2907 18.7281 0.401628
32 -29.2656 25.9388 2.63999
33 -14.9396 -14.7586 -2.17338
34 -32.2743 15.6658 2.69836
35 -21.1494 -2.61738 -2.63365
36 31.4151 45.8233 1.03204
37 32.1312 46.3025 1.03203
38 33.7233 47.4227 1.03202
39 18.5373 51.0619 1.29527
40 -5.52555 51.7149 1.85396
41 4.9923 -28.9747 -1.61726
42 -8.72829 -22.6345 -2.02497
43 -15.1953 -15.0989 -2.17338
44 31.4456 46.7772 1.03203
45 18.7438 50.7281 1.29527
46 27.8234 43.5107 1.09642
47 17.5007 37.6886 1.39217
48 -3.36413 37.605 2.24929
49 6.98714 52.9039 1.77661
50 6.71459 -34.592 -1.53075
51 32.8477 46.7175 1.03202
52 7.40277 53.3097 1.77661
53 -4.95778 53.7759 1.845
54 33.0277 46.5441 1.03202
55 -20.9801 -2.03176 -2.63365
56 21.9553 -30.3131 -1.5126
57 33.2112 46.6402 1.03202
58 8.06812 53.3693 1.77661
59 -3.02206 -31.635 -1.71767
60 -7.63052 -22.5104 -2.02497
61 -27.3815 12.3989 -3.13365
62 -31.1342 23.0217 2.66752
63 31.2277 44.889 1.03205
64 28.813 43.5858 1.09642
65 -7.42576 -23.1661 -2.02497
66 -29.5745 38.3878 2.58822
67 -30.3759 22.4492 2.66752
68 -6.92205 -22.8573 -2.02497
69 6.97996 -33.2026 -1.53075
70 6.42201 -33.6908 -1.53075
71 -4.78361 50.7657 1.85396
72 17.0915 36.0388 1.39217
73 -2.39285 -30.8203 -1.71767
74 44.4122 19.0197 0.401628
75 -15.4176 -13.7684 -2.17338
76 16.461 37.7342 1.39217
77 -2.73774 -31.7342 -1.71767
78 -13.2363 46.8762 1.97642
79 -13.7581 46.4005 1.97642
80 31.3528 44.109 1.03206
81 45.313 18.6521 0.401628
82 7.83856 52.5112 1.77661
83 30.6919 43.8194 1.03207
84 16.0014 36.9405 1.39217
85 -15.159 -13.8624 -2.17338
86 32.4479 47.2276 1.03202
87 17.3055 37.9707 1.39217
88 5.11784 -28.0145 -1.61726
89 -28.7806 25.9155 2.63999
90 49.1105 31.5772 0.595294
91 -6.35687 50.4769 1.85396
92 5.03026 -28.5089 -1.61726
93 -13.8316 46.415 1.97642
94 4.31419 -28.5385 -1.61726
95 -7.03937 51.5781 1.85396
96 -5.366 50.6165 1.85396
97 32.7151 44.0551 1.03206
98 -8.31567 -22.8665 -2.02497
99 -5.56835 53.1295 1.845
