100
Particles
0 12.7892 5.72107 -0.265314
1 12.9656 15.7058 -0.806723
2 16.0173 1.1861 0.937851
3 11.9373 8.58116 0.0292233
4 10.9091 9.80375 2.73496
5 2.91384 14.7212 -2.39703
6 0.55195 5.34217 -2.36949
7 10.3195 21.6076 -0.114274
8 9.41763 8.9723 2.33726
9 11.5812 4.68186 -1.04934
10 12.6825 0.0695696 -2.33203
11 6.81306 19.1374 -2.24729
12 9.48185 18.4923 -1.20024
13 19.273 4.97747 1.80699
14 4.88138 19.9024 -0.940945
15 22.0764 13.9215 -0.214066
16 2.91502 3.3859 0.756839
17 17.8859 17.6741 0.619723
18 -1.43723 18.3091 -0.121583
19 8.40678 9.92642 0.0217592
20 8.38195 6.40881 1.79183
21 19.5621 20.304 -0.375064
22 14.0746 12.8241 -1.7865
23 5.45623 1.48938 -2.50639
24 -1.00895 9.20371 -0.262412
25 3.58813 8.70139 0.270845
26 2.14477 8.51249 -1.25236
27 16.7487 14.4507 -3.14022
28 12.7535 8.55067 1.44083
29 -0.267479 12.1141 2.7806
30 9.91082 8.27504 0.710535
31 0.35367 8.66794 -2.47154
32 9.34662 9.68234 -1.70554
33 7.58083 20.8645 2.51491
34 17.5549 14.5667 -0.730985
35 4.72353 7.83914 -1.40272
36 20.2516 10.7727 1.37615
37 8.91759 16.4976 1.35505
38 6.03199 2.10858 -0.976535
39 2.66586 16.574 -2.12658
40 6.221 22.6798 -2.26429
41 23.0188 2.7089 -0.88795
42 9.26422 8.69375 2.97617
43 -1.39186 11.6703 2.81874
44 19.6873 4.61391 2.29891
45 2.07654 8.46432 -2.46907
46 11.3742 5.41178 -3.10204
47 10.3703 16.3747 1.67284
48 5.45239 18.8955 1.86904
49 18.888 6.28135 -3.08799
50 11.7134 4.3047 -1.34588
51 13.6956 3.13884 -2.42551
52 1.34694 20.5936 -1.15308
53 2.81616 14.0323 -3.08363
54 7.03876 24.2592 -1.98423
55 4.63272 7.14879 -0.871165
56 8.58373 13.2971 0.791332
57 10.6294 10.8552 -1.92964
58 15.5118 9.80371 2.01971
59 12.8267 22.0337 -1.88401
60 10.8768 16.6984 -1.87334
61 12.7355 13.2757 0.578564
62 5.12496 5.17028 -0.911153
63 2.2219 10.2301 -0.212896
64 10.5242 10.0984 -0.457341
65 13.0062 16.2817 -1.35565
66 12.7407 12.8743 -0.0662366
67 11.4619 8.88549 -0.737896
68 16.2418 15.3441 -1.00215
69 9.57503 15.3706 0.876206
70 18.1674 23.7857 -1.69988
71 16.5902 7.74484 0.0554564
72 12.8463 18.9151 3.07817
73 5.77673 17.4431 0.193152
74 15.8639 4.40668 0.841446
75 5.60435 5.11334 1.3981
76 8.13933 5.52265 2.18353
77 12.2468 16.5713 1.6311
78 7.56528 17.6332 1.65985
79 4.47952 17.9564 -1.64366
80 18.2334 16.697 2.34245
81 3.93567 8.94449 -1.87519
82 5.04027 11.348 0.401975
83 4.60934 6.66173 2.41591
84 6.96686 11.1414 -0.916081
85 12.6221 2.71639 1.73017
86 0.959521 4.43913 1.17832
87 12.5622 4.01238 0.905477
88 15.4824 19.9149 -0.460729
89 8.84286 9.35487 0.0264295
90 19.4636 7.38596 0.466116
91 7.72009 9.66255 -2.14349
92 18.7991 8.93433 -2.37393
93 17.3186 9.33083 1.87667
94 3.48723 6.69553 0.676521
95 17.0202 6.6682 -2.43596
96 11.9751 -0.00888702 -2.78101
97 7.08458 -0.42406 2.31132
98 8.67974 19.9258 -2.40449
99 13.9044 10.0145 0.447515
