100
Particles
0 -10.4091 -24.6527 -2.02497
1 58.2272 10.7408 0.191521
2 59.6644 15.0793 -0.0482543
3 -21.7423 33.1586 2.70934
4 17.5427 40.1495 1.39217
5 -8.7637 -25.4443 -2.02497
6 -9.27877 -25.53 -2.02497
7 17.2747 40.5675 1.39217
8 -16.4102 -16.7731 -2.17338
9 -7.31371 55.0291 1.85396
10 34.8053 48.5724 1.03203
11 5.50506 -31.1865 -1.61726
12 17.5968 40.6811 1.39217
13 -6.8357 53.9493 1.85396
14 18.1502 40.0869 1.39217
15 18.5194 54.072 1.29527
16 7.10242 56.1021 1.77661
17 6.32305 56.07 1.77661
18 -30.5615 13.0455 -3.13365
19 33.7268 47.5219 1.03204
20 -29.7893 -10.2773 -2.63252
21 -2.87192 -34.5522 -1.71767
22 7.57837 -36.4495 -1.53075
23 -34.1186 23.5822 2.66752
24 47.9098 19.7106 0.401628
25 33.8848 48.3456 1.03204
26 -9.42602 -26.5605 -2.02497
27 -3.50618 -33.4216 -1.71767
28 -7.1396 54.8666 1.85396
29 -3.73029 -33.925 -1.71767
30 45.5001 -14.6888 -0.689808
31 47.2821 19.9986 0.401628
32 -32.1153 27.5015 2.63999
33 -16.7816 -17.4362 -2.17338
34 -35.2102 17.0596 2.69836
35 -23.9891 -4.19811 -2.63365
36 33.0826 48.6129 1.03204
37 33.7987 49.0921 1.03203
38 35.3908 50.2123 1.03203
39 19.4215 54.1893 1.29527
40 -6.43356 54.8355 1.85396
41 4.84133 -32.2212 -1.61726
42 -10.1541 -25.555 -2.02497
43 -17.0373 -17.7765 -2.17338
44 33.1131 49.5669 1.03203
45 19.628 53.8555 1.29527
46 29.308 46.4018 1.09642
47 18.0781 40.8869 1.39217
48 -5.40389 40.1352 2.24929
49 6.32297 56.0853 1.77661
50 6.8447 -37.8394 -1.53075
51 34.5152 49.5071 1.03203
52 6.7386 56.4911 1.77661
53 -5.8378 56.9045 1.845
54 34.6952 49.3337 1.03203
55 -23.8198 -3.61249 -2.63365
56 22.1444 -33.5575 -1.5126
57 34.8787 49.4298 1.03203
58 7.40395 56.5507 1.77661
59 -3.49769 -34.85 -1.71767
60 -9.05636 -25.4309 -2.02497
61 -30.6314 12.373 -3.13365
62 -34.0258 24.5053 2.66752
63 32.8951 47.6786 1.03204
64 30.2975 46.4769 1.09642
65 -8.8516 -26.0866 -2.02497
66 -32.3394 40.0959 2.58822
67 -33.2675 23.9329 2.66752
68 -8.34789 -25.7778 -2.02497
69 7.11007 -36.45 -1.53075
70 6.55211 -36.9382 -1.53075
71 -5.69163 53.8863 1.85396
72 17.6689 39.2371 1.39217
73 -2.86848 -34.0353 -1.71767
74 47.4036 20.2902 0.401628
75 -17.2597 -16.446 -2.17338
76 17.0385 40.9325 1.39217
77 -3.21337 -34.9492 -1.71767
78 -14.5187 49.8625 1.97642
79 -15.0405 49.3868 1.97642
80 33.0202 46.8987 1.03204
81 48.3044 19.9225 0.401628
82 7.1744 55.6926 1.77661
83 32.3593 46.6091 1.03205
84 16.5789 40.1388 1.39217
85 -17.001 -16.54 -2.17338
86 34.1154 50.0172 1.03203
87 17.8829 41.169 1.39217
88 4.96688 -31.261 -1.61726
89 -31.6303 27.4782 2.63999
90 51.8015 33.3996 0.595294
91 -7.26489 53.5975 1.85396
92 4.87929 -31.7554 -1.61726
93 -15.114 49.4013 1.97642
94 4.16322 -31.785 -1.61726
95 -7.94738 54.6987 1.85396
96 -6.27402 53.7371 1.85396
97 34.3826 46.8447 1.03204
98 -9.74151 -25.7871 -2.02497
99 -6.44838 56.2581 1.845
