100
Particles
0 -13.6995 -31.3924 -2.02497
1 65.59 12.1684 0.191521
2 67.1557 14.7175 -0.0482543
3 -28.5525 36.3004 2.70934
4 18.8753 47.5302 1.39217
5 -12.0541 -32.184 -2.02497
6 -12.5692 -32.2697 -2.02497
7 18.6073 47.9481 1.39217
8 -20.6611 -22.9521 -2.17338
9 -9.40913 62.2305 1.85396
10 38.6533 55.01 1.03203
11 5.15668 -38.6785 -1.61726
12 18.9294 48.0617 1.39217
13 -8.93113 61.1506 1.85396
14 19.4828 47.4675 1.39217
15 20.5598 61.2892 1.29527
16 5.56973 63.4438 1.77661
17 4.79035 63.4117 1.77661
18 -38.0613 12.9859 -3.13365
19 37.5749 53.9595 1.03204
20 -36.3383 -13.9325 -2.63252
21 -3.96953 -41.9714 -1.71767
22 7.87863 -43.9435 -1.53075
23 -40.7915 27.0061 2.66752
24 54.813 22.6425 0.401628
25 37.7329 54.7832 1.03204
26 -12.7164 -33.3001 -2.02497
27 -4.60379 -40.8408 -1.71767
28 -9.23503 62.0679 1.85396
29 -4.8279 -41.3442 -1.71767
30 51.2854 -19.4617 -0.689808
31 54.1853 22.9304 0.401628
32 -38.6913 31.1078 2.63999
33 -21.0324 -23.6152 -2.17338
34 -41.9855 20.2761 2.69836
35 -30.5422 -7.84595 -2.63365
36 36.9306 55.0505 1.03204
37 37.6467 55.5297 1.03203
38 39.2389 56.6499 1.03203
39 21.4619 61.4064 1.29527
40 -8.52899 62.0369 1.85396
41 4.49295 -39.7131 -1.61726
42 -13.4445 -32.2947 -2.02497
43 -21.2881 -23.9555 -2.17338
44 36.9611 56.0045 1.03203
45 21.6684 61.0726 1.29527
46 32.7338 53.0736 1.09642
47 19.4107 48.2675 1.39217
48 -10.111 45.9741 2.24929
49 4.79028 63.427 1.77661
50 7.14495 -45.3334 -1.53075
51 38.3633 55.9447 1.03203
52 5.20591 63.8329 1.77661
53 -7.86863 64.1243 1.845
54 38.5433 55.7713 1.03203
55 -30.3729 -7.26032 -2.63365
56 22.5806 -41.0449 -1.5126
57 38.7268 55.8673 1.03203
58 5.87126 63.8925 1.77661
59 -4.5953 -42.2692 -1.71767
60 -12.3468 -32.1706 -2.02497
61 -38.1311 12.3134 -3.13365
62 -40.6987 27.9292 2.66752
63 36.7432 54.1162 1.03204
64 33.7234 53.1487 1.09642
65 -12.142 -32.8263 -2.02497
66 -38.7201 44.0376 2.58822
67 -39.9403 27.3568 2.66752
68 -11.6383 -32.5175 -2.02497
69 7.41033 -43.944 -1.53075
70 6.85237 -44.4322 -1.53075
71 -7.78705 61.0876 1.85396
72 19.0015 46.6177 1.39217
73 -3.96609 -41.4546 -1.71767
74 54.3068 23.2221 0.401628
75 -21.5105 -22.625 -2.17338
76 18.3711 48.3132 1.39217
77 -4.31098 -42.3684 -1.71767
78 -17.4781 56.7539 1.97642
79 -17.9999 56.2782 1.97642
80 36.8682 53.3363 1.03204
81 55.2076 22.8544 0.401628
82 5.64171 63.0343 1.77661
83 36.2073 53.0467 1.03204
84 17.9115 47.5194 1.39217
85 -21.2518 -22.7191 -2.17338
86 37.9634 56.4548 1.03203
87 19.2155 48.5497 1.39217
88 4.6185 -38.7529 -1.61726
89 -38.2063 31.0845 2.63999
90 58.0113 37.6053 0.595294
91 -9.36031 60.7988 1.85396
92 4.53091 -39.2473 -1.61726
93 -18.0735 56.2927 1.97642
94 3.81485 -39.2769 -1.61726
95 -10.0428 61.9 1.85396
96 -8.36944 60.9384 1.85396
97 38.2306 53.2823 1.03204
98 -13.0319 -32.5267 -2.02497
99 -8.47921 63.4779 1.845
