100
Particles
0 -13.0414 -30.0444 -2.02497
1 64.1174 11.8829 0.191521
2 65.6574 14.7899 -0.0482543
3 -27.1904 35.6721 2.70934
4 18.6088 46.054 1.39217
5 -11.396 -30.836 -2.02497
6 -11.9111 -30.9218 -2.02497
7 18.3407 46.472 1.39217
8 -19.8109 -21.7163 -2.17338
9 -8.99005 60.7902 1.85396
10 37.8837 53.7225 1.03203
11 5.22635 -37.1801 -1.61726
12 18.6629 46.5856 1.39217
13 -8.51204 59.7104 1.85396
14 19.2163 45.9914 1.39217
15 20.1517 59.8457 1.29527
16 5.87626 61.9755 1.77661
17 5.09689 61.9433 1.77661
18 -36.5613 12.9978 -3.13365
19 36.8052 52.672 1.03204
20 -35.0285 -13.2015 -2.63252
21 -3.75001 -40.4876 -1.71767
22 7.81858 -42.4447 -1.53075
23 -39.4569 26.3213 2.66752
24 53.4323 22.0561 0.401628
25 36.9633 53.4956 1.03204
26 -12.0583 -31.9522 -2.02497
27 -4.38426 -39.357 -1.71767
28 -8.81594 60.6277 1.85396
29 -4.60838 -39.8604 -1.71767
30 50.1283 -18.5071 -0.689808
31 52.8046 22.3441 0.401628
32 -37.3761 30.3865 2.63999
33 -20.1823 -22.3794 -2.17338
34 -40.6305 19.6328 2.69836
35 -29.2315 -7.11638 -2.63365
36 36.161 53.763 1.03204
37 36.8771 54.2422 1.03203
38 38.4693 55.3624 1.03203
39 21.0538 59.963 1.29527
40 -8.1099 60.5966 1.85396
41 4.56263 -38.2147 -1.61726
42 -12.7865 -30.9467 -2.02497
43 -20.438 -22.7197 -2.17338
44 36.1915 54.7169 1.03203
45 21.2603 59.6292 1.29527
46 32.0487 51.7393 1.09642
47 19.1442 46.7914 1.39217
48 -9.16959 44.8064 2.24929
49 5.09682 61.9587 1.77661
50 7.0849 -43.8346 -1.53075
51 37.5937 54.6571 1.03203
52 5.51245 62.3645 1.77661
53 -7.46247 62.6803 1.845
54 37.7737 54.4837 1.03203
55 -29.0623 -6.53075 -2.63365
56 22.4934 -39.5474 -1.5126
57 37.9572 54.5798 1.03203
58 6.1778 62.4241 1.77661
59 -4.37578 -40.7854 -1.71767
60 -11.6887 -30.8226 -2.02497
61 -36.6312 12.3254 -3.13365
62 -39.3641 27.2444 2.66752
63 35.9735 52.8287 1.03204
64 33.0382 51.8144 1.09642
65 -11.4839 -31.4783 -2.02497
66 -37.444 43.2492 2.58822
67 -38.6057 26.672 2.66752
68 -10.9802 -31.1696 -2.02497
69 7.35028 -42.4452 -1.53075
70 6.79232 -42.9334 -1.53075
71 -7.36797 59.6474 1.85396
72 18.735 45.1416 1.39217
73 -3.74657 -39.9707 -1.71767
74 52.9262 22.6357 0.401628
75 -20.6603 -21.3892 -2.17338
76 18.1045 46.837 1.39217
77 -4.09146 -40.8846 -1.71767
78 -16.8862 55.3756 1.97642
79 -17.408 54.8999 1.97642
80 36.0986 52.0487 1.03204
81 53.8269 22.268 0.401628
82 5.94824 61.566 1.77661
83 35.4377 51.7592 1.03204
84 17.6449 46.0433 1.39217
85 -20.4016 -21.4832 -2.17338
86 37.1938 55.1673 1.03203
87 18.949 47.0736 1.39217
88 4.68817 -37.2545 -1.61726
89 -36.8911 30.3632 2.63999
90 56.7694 36.7641 0.595294
91 -8.94123 59.3585 1.85396
92 4.60059 -37.7489 -1.61726
93 -17.4816 54.9144 1.97642
94 3.88452 -37.7785 -1.61726
95 -9.62372 60.4598 1.85396
96 -7.95036 59.4981 1.85396
97 37.461 51.9948 1.03204
98 -12.3738 -31.1788 -2.02497
99 -8.07304 62.0339 1.845
