100
Particles
0 9.99496 6.82805 -2.47839
1 12.952 18.5652 -1.33819
2 15.6554 2.52817 2.40052
3 7.60499 3.08842 -0.764005
4 10.57 7.26416 -2.6005
5 6.75884 14.6637 -2.64996
6 1.51069 3.9568 -1.3995
7 12.4166 19.8589 2.96001
8 10.0783 8.52075 0.103412
9 9.03825 2.94167 -2.7475
10 9.67434 2.54413 1.83667
11 11.4154 19.8693 -3.11754
12 8.03915 17.4886 -0.00888851
13 14.4581 2.90654 2.65066
14 3.50772 17.1627 -2.63441
15 19.9286 16.6173 -2.98606
16 5.02807 4.28696 -1.78721
17 16.8185 15.1851 -2.33688
18 0.828211 17.3502 -0.428959
19 11.0206 9.38564 -0.276661
20 3.80357 7.08681 -0.951168
21 19.396 18.5191 1.92771
22 15.1772 11.4485 1.25519
23 6.87325 4.5828 -1.42385
24 0.387072 9.27473 1.02318
25 4.9934 8.07861 -1.00786
26 1.74889 10.7308 0.832744
27 16.6272 13.3377 -0.970969
28 16.071 6.75511 -0.262682
29 1.04349 13.4711 -0.806823
30 11.2234 8.71671 3.0469
31 0.707969 8.94993 -1.81385
32 9.03636 9.49312 -1.01919
33 8.41617 18.8749 1.56268
34 13.1798 15.6963 2.25406
35 0.596587 5.86153 2.16535
36 19.7368 7.33423 -2.25481
37 11.5515 18.5572 1.24912
38 4.60193 3.81222 -0.137074
39 4.35317 12.5977 0.126399
40 3.39832 19.396 -2.38143
41 17.5004 2.36447 -0.98992
42 10.9167 9.99298 2.38161
43 1.50204 11.2591 -2.3177
44 16.7591 5.78017 -1.58832
45 3.00956 7.37393 0.505676
46 11.8969 6.84922 1.04808
47 8.98046 15.4862 0.701477
48 6.20946 18.085 3.06134
49 17.5691 6.10251 0.455779
50 14.5805 6.29685 1.27771
51 8.89145 1.16474 -1.93439
52 0.836287 19.7371 0.701479
53 3.61714 15.7056 2.81024
54 6.20432 19.7016 0.118255
55 4.89869 7.95366 2.01775
56 9.82853 11.4947 -0.0391819
57 11.5188 14.2169 -1.12611
58 13.0672 7.23588 1.87779
59 12.6787 17.5418 -2.55448
60 9.99541 19.9575 2.07797
61 11.7958 12.0417 -2.73201
62 4.31573 4.53783 2.54392
63 1.49968 9.98788 -0.492567
64 12.4959 9.55197 2.6797
65 10.0399 16.8452 0.648751
66 13.0639 15.4703 -0.577159
67 12.9011 7.14889 0.71065
68 14.277 14.7728 -0.0374945
69 10.9581 17.3727 2.52681
70 18.3208 19.4605 -1.768
71 17.9438 9.63148 -1.29059
72 14.1142 19.3207 2.0197
73 6.71931 16.8322 -0.949965
74 19.17 5.69642 0.606848
75 5.10958 4.57105 2.60424
76 9.08075 2.08384 -2.21641
77 8.752 15.929 -1.00869
78 9.14587 14.9532 -0.217221
79 3.55019 18.9847 2.24003
80 15.6637 13.8153 2.63432
81 6.86881 10.8431 2.76405
82 5.13652 13.8752 -0.847441
83 0.20067 4.14115 3.10694
84 8.33069 5.64997 2.64634
85 9.48269 1.45608 2.29219
86 1.19241 6.9674 2.40948
87 14.0595 5.34746 3.02716
88 13.639 15.2394 3.09373
89 11.7538 8.34341 0.17507
90 17.1595 6.3022 1.54561
91 7.32607 10.5757 -0.486136
92 15.9379 10.5881 -2.54985
93 14.1452 11.1274 2.25231
94 4.16874 6.06879 -3.00558
95 15.3752 8.49207 1.86425
96 9.36197 0.329942 -2.34213
97 6.87824 0.497415 -3.04907
98 10.8467 19.7023 1.18088
99 12.8359 7.57381 0.72796
