100
Particles
0 -3.93799 -11.398 -2.02497
1 43.7468 7.93308 0.191521
2 44.9316 15.7908 -0.0482543
3 -8.34887 26.9796 2.70934
4 14.9219 25.6342 1.39217
5 -2.29258 -12.1896 -2.02497
6 -2.80764 -12.2753 -2.02497
7 14.6539 26.0522 1.39217
8 -8.05028 -4.62099 -2.17338
9 -3.19274 40.8665 1.85393
10 27.2361 35.9126 1.03147
11 6.1902 -16.4525 -1.61726
12 14.9761 26.1657 1.39217
13 -2.71469 39.7867 1.85396
14 15.5295 25.5716 1.39217
15 14.5066 39.8784 1.29527
16 10.1167 41.6634 1.77661
17 9.33734 41.6313 1.77661
18 -15.812 13.1627 -3.13365
19 26.1616 34.8598 1.03314
20 -16.9097 -3.08856 -2.63252
21 -0.713283 -19.961 -1.71767
22 6.98788 -21.7114 -1.53075
23 -20.9953 16.8486 2.66752
24 34.3335 13.9446 0.401628
25 26.3173 35.6848 1.03216
26 -2.9549 -13.3058 -2.02497
27 -1.34754 -18.8304 -1.71767
28 -3.01863 40.704 1.85394
29 -1.57165 -19.3338 -1.71767
30 34.1224 -5.30202 -0.689808
31 33.7058 14.2325 0.401628
32 -19.1823 20.4092 2.63999
33 -8.42166 -5.28405 -2.17338
34 -21.8855 10.7339 2.69836
35 -11.1013 2.97596 -2.63365
36 25.5153 35.952 1.03225
37 26.2301 36.432 1.03171
38 27.8208 37.553 1.03109
39 15.4087 39.9956 1.29527
40 -2.31258 40.6729 1.85394
41 5.52648 -17.4871 -1.61726
42 -3.68301 -12.3003 -2.02497
43 -8.67736 -5.6244 -2.17338
44 25.5451 36.9064 1.03197
45 15.6152 39.6618 1.29527
46 22.5704 33.2805 1.09642
47 15.4573 26.3715 1.39217
48 3.85347 28.652 2.24929
49 9.33727 41.6466 1.77661
50 6.25421 -23.1012 -1.53075
51 26.9458 36.8474 1.03136
52 9.7529 42.0524 1.77661
53 -1.84384 42.7055 1.845
54 27.1258 36.674 1.03136
55 -10.932 3.56159 -2.63365
56 21.2864 -18.8325 -1.5126
57 27.3091 36.7703 1.03124
58 10.4182 42.112 1.77661
59 -1.33906 -20.2588 -1.71767
60 -2.58524 -12.1762 -2.02497
61 -15.8818 12.4902 -3.13365
62 -20.9025 17.7717 2.66752
63 25.3297 35.0166 1.03308
64 23.5599 33.3556 1.09642
65 -2.38048 -12.8319 -2.02497
66 -19.7907 32.3439 2.58822
67 -20.1441 17.1993 2.66752
68 -1.87677 -12.5231 -2.02497
69 6.51958 -21.7118 -1.53075
70 5.96162 -22.2 -1.53075
71 -1.57053 39.7237 1.85402
72 15.0481 24.7218 1.39217
73 -0.709844 -19.4441 -1.71767
74 33.8273 14.5242 0.401628
75 -8.8997 -4.29386 -2.17338
76 14.4177 26.4172 1.39217
77 -1.05473 -20.358 -1.71767
78 -8.69848 36.3094 1.97642
79 -9.2203 35.8336 1.97642
80 25.4558 34.236 1.0335
81 34.7281 14.1565 0.401628
82 10.1887 41.2539 1.77661
83 24.7956 33.946 1.0338
84 13.9581 25.6235 1.39217
85 -8.64103 -4.38791 -2.17338
86 26.5459 37.3576 1.03135
87 15.2622 26.6537 1.39217
88 5.65202 -16.5269 -1.61726
89 -18.6973 20.3859 2.63999
90 39.5887 25.1285 0.595294
91 -3.14387 39.4348 1.85397
92 5.56444 -17.0213 -1.61726
93 -9.29383 35.8481 1.97642
94 4.84837 -17.0509 -1.61726
95 -3.82642 40.5361 1.85393
96 -2.15295 39.5744 1.854
97 26.8179 34.1823 1.03336
98 -3.27038 -12.5324 -2.02497
99 -2.45442 42.0591 1.845
