100
Particles
0 12.6029 5.75946 -1.94803
1 14.2446 16.3044 0.280031
2 15.6877 0.676474 2.83739
3 12.2395 8.38574 -1.02273
4 11.1367 9.42752 -1.67749
5 3.05755 13.9286 -1.2844
6 0.533226 4.96901 -2.60029
7 10.8006 20.9931 1.56432
8 8.91929 9.38204 2.69885
9 11.272 5.18817 0.0299149
10 13.0178 1.63485 2.91271
11 7.90952 19.2745 0.12679
12 8.89915 17.6624 -2.27916
13 19.4519 5.29098 1.97545
14 4.90283 19.6622 -1.08076
15 21.9695 13.8449 0.111032
16 2.49615 3.62917 2.22487
17 17.0684 18.4335 2.32728
18 -1.06211 18.7134 2.10002
19 7.71611 9.61426 -2.55501
20 8.51898 6.66019 1.62815
21 19.4812 20.9106 0.716179
22 13.6892 12.43 -1.52942
23 5.3546 1.00753 0.573252
24 -0.224399 9.27952 0.705518
25 4.23363 9.24499 0.0321268
26 1.61596 8.21196 2.01578
27 16.8285 13.6658 -2.65637
28 12.8133 9.30373 1.97311
29 -0.274275 12.7106 1.60943
30 9.63297 8.22027 -3.01454
31 0.974927 8.58774 -0.511435
32 8.78046 10.6457 1.46714
33 8.12037 20.6966 -0.167805
34 17.1994 14.6117 2.43811
35 4.56556 6.69043 -1.11574
36 20.3218 11.1519 1.49208
37 8.83544 16.3094 -1.58016
38 5.4267 2.04918 2.97227
39 2.27842 16.3754 -2.66947
40 6.32424 22.8893 -1.51277
41 23.2508 2.88636 1.29524
42 8.91246 7.60245 -2.20235
43 -1.59441 11.5641 2.71739
44 20.0132 4.18492 -0.364981
45 1.68089 8.01414 -2.46073
46 11.7387 5.68873 -1.61683
47 10.5928 16.0161 3.08567
48 6.2456 18.7695 -2.24026
49 19.2709 6.65035 -1.38539
50 11.7511 5.53941 1.91709
51 13.8027 3.04211 -2.51427
52 1.10862 20.6527 -0.136427
53 2.29957 14.2376 -2.02656
54 6.52706 24.7751 1.20646
55 4.34683 7.4161 -3.08146
56 7.81199 13.7068 1.93121
57 11.2752 10.4536 2.73035
58 14.4753 10.0264 -2.72926
59 12.7647 22.1851 -0.318538
60 10.8034 16.5784 0.600417
61 13.1724 14.3635 1.78944
62 5.40918 5.32879 0.980221
63 2.21544 10.4719 1.27303
64 9.84256 9.81142 1.9724
65 13.9736 16.0297 -1.98456
66 12.8234 12.4558 0.615334
67 10.6503 8.91595 2.81155
68 16.5201 15.4124 -1.96602
69 9.59765 15.1446 -3.08031
70 17.5507 22.8497 -1.33982
71 15.8984 7.61045 1.88164
72 13.0972 19.2223 1.29169
73 5.66585 16.7748 2.11119
74 15.5692 4.26836 2.58032
75 5.78071 5.15703 0.162954
76 8.05063 5.32602 0.116675
77 12.7277 16.5167 0.722081
78 8.23434 17.0569 2.11044
79 4.81443 17.6888 2.4244
80 17.8041 16.1193 -0.518464
81 3.46325 10.3658 1.94594
82 5.40663 11.8043 -0.652963
83 4.71943 6.5478 -0.620363
84 7.31472 10.6248 -2.677
85 12.7536 2.51147 -1.24575
86 0.938842 4.46325 1.67757
87 13.0648 4.35409 -2.39423
88 15.992 20.2818 -0.395325
89 8.84237 8.80383 1.68815
90 19.026 6.87547 -1.70638
91 7.22291 10.1871 2.08027
92 18.8599 9.86851 0.926073
93 17.5184 8.86254 0.0807044
94 3.49172 7.69684 2.4917
95 17.0111 6.73432 0.159502
96 11.496 0.105271 -2.11707
97 6.9216 0.399801 1.70331
98 8.19431 19.9635 2.75026
99 13.5772 9.87474 2.86468
