100
Particles
0 10.011 6.51364 -1.96723
1 13.1902 18.925 1.32504
2 15.1298 3.18005 2.11742
3 7.72908 3.9178 1.7776
4 10.786 7.4918 -2.72064
5 6.33455 14.1645 -2.02503
6 0.925252 3.66698 -0.995312
7 12.5214 20.3927 2.21279
8 10.147 8.02089 2.93323
9 10.0551 3.84529 1.00301
10 10.6358 2.61268 0.121658
11 9.9782 19.5065 1.56469
12 7.95759 17.5321 -2.48343
13 14.726 2.60392 2.84947
14 3.61975 16.9817 -1.9613
15 19.9134 16.7469 -1.70707
16 5.20266 5.13345 0.164037
17 16.6094 14.5047 -1.55772
18 0.262207 17.1114 2.54637
19 12.1702 9.47326 1.13491
20 5.12451 7.17957 0.152418
21 19.4551 18.8967 -1.12528
22 15.0722 12.0204 1.49707
23 7.54624 4.97599 -1.82225
24 -0.0908227 9.26833 0.777024
25 5.53771 8.52577 0.577111
26 2.22375 10.545 -0.0819702
27 16.4214 13.5649 3.11185
28 15.2909 6.85691 -2.24847
29 1.34067 13.1105 -1.31016
30 11.319 8.89085 -2.03035
31 1.28049 8.31696 -0.804436
32 8.884 9.68001 2.25924
33 8.53388 19.2968 0.630416
34 13.6088 15.8997 -2.18225
35 0.735882 5.77531 -0.173109
36 19.8935 7.37158 -1.34732
37 11.6802 18.1704 1.32329
38 5.07817 4.74559 -1.23864
39 4.13333 11.3833 -2.04095
40 3.63027 18.9339 1.54881
41 18.3492 1.98855 0.43664
42 11.0961 9.70957 0.719757
43 2.22733 11.6508 -1.22671
44 16.3896 6.16361 -3.01988
45 1.47077 7.44304 2.95374
46 10.9721 6.6241 3.0389
47 9.63989 15.9449 -0.845783
48 5.97064 17.331 -2.47686
49 17.919 7.08121 0.825784
50 13.6364 5.67754 3.12497
51 8.69855 1.95244 -3.11518
52 0.380254 19.9088 1.70036
53 4.16364 16.1075 2.64898
54 5.77414 19.4863 2.39264
55 5.05901 8.07362 2.30184
56 9.7235 10.9577 2.012
57 10.9811 14.1397 2.09482
58 13.165 6.3555 -0.289338
59 12.9663 17.7064 0.257803
60 10.3547 19.995 2.57753
61 11.9979 12.3154 -2.62327
62 5.1774 3.89291 0.583957
63 2.03717 8.7019 -0.632891
64 13.1747 9.45126 -0.438229
65 11.1201 16.8585 -1.75989
66 14.1189 14.991 -0.316609
67 12.4698 7.07837 -2.01405
68 15.1135 14.9695 1.16273
69 10.4978 16.6089 0.445379
70 18.2226 20.2925 1.56341
71 17.9258 9.69355 2.38436
72 13.9175 18.9931 1.03884
73 7.07141 16.3929 0.964305
74 19.3145 6.58353 2.04976
75 4.90357 4.77851 0.734403
76 8.04284 1.99593 -2.05026
77 8.2887 15.2076 -1.90889
78 8.76651 15.8239 3.00993
79 3.25824 18.8104 0.644415
80 15.8149 13.6783 1.46355
81 6.59809 11.2244 1.2818
82 5.40142 14.2701 -0.831405
83 0.944753 4.4794 -2.1151
84 7.38025 5.38726 -2.48895
85 10.298 2.52691 0.31556
86 1.7376 6.67524 2.36131
87 14.3056 4.94145 2.68882
88 14.6464 15.1797 0.893077
89 10.5903 8.66475 2.4398
90 17.3054 6.68045 1.42589
91 6.68422 11.0308 0.659553
92 16.6116 9.88162 2.28526
93 13.1546 10.8757 -1.79152
94 3.78279 5.37874 -2.11528
95 15.563 7.66871 -1.004
96 9.48061 -0.219136 1.55358
97 6.19316 0.375191 -3.05921
98 10.3299 20.2706 2.08436
99 13.4873 7.37327 -0.0302773
