100
Particles
0 2.03553 7.52038 -1.76022
1 24.1125 4.12604 0.191521
2 24.9549 16.7555 -0.0482543
3 9.81166 18.6013 2.70934
4 11.2489 6.01039 1.18991
5 6.61556 5.7166 -2.03781
6 6.08992 5.63611 -2.03739
7 10.686 6.48507 1.17446
8 3.27929 11.8605 -2.15859
9 0.671017 21.3627 1.60854
10 16.6982 18.9161 1.01614
11 7.11927 3.52594 -1.61759
12 11.0764 6.58292 1.18426
13 4.05198 21.0388 2.03252
14 13.6018 6.41798 2.5529
15 9.0655 20.6328 1.29527
16 14.2039 22.0855 1.77682
17 13.4244 22.0533 1.7752
18 4.18739 13.3216 -3.13365
19 16.7388 17.2409 1.14285
20 0.554259 6.65883 -2.63252
21 2.21363 -0.176312 -1.71752
22 5.40871 -1.79043 -1.44618
23 -3.20101 7.71828 2.66752
24 17.4162 4.44369 1.05208
25 15.8751 18.6304 1.01675
26 5.94957 4.60226 -2.03614
27 1.57952 0.954255 -1.71793
28 0.972689 21.2209 1.60854
29 1.35537 0.450866 -1.71782
30 18.6951 7.42575 -0.689808
31 15.0773 8.73856 -0.239275
32 -1.64607 10.7925 2.63999
33 2.92208 11.1877 -2.19388
34 -3.81811 2.15671 2.69836
35 6.37371 12.7035 -2.63365
36 15.0182 18.9326 1.01692
37 15.6681 19.452 1.01622
38 17.2489 20.5775 1.0157
39 9.9676 20.75 1.29527
40 4.17397 21.832 2.08814
41 6.45546 2.49131 -1.6171
42 5.15882 5.63737 -2.03674
43 2.68341 10.8352 -2.23654
44 14.454 20.4401 0.56735
45 10.1741 20.4162 1.29527
46 13.4347 15.489 1.09642
47 11.6684 6.76025 1.19303
48 16.4058 13.0816 2.24929
49 13.4243 22.0687 1.7752
50 8.26672 -3.47265 -1.87285
51 16.3811 19.8677 1.01568
52 13.8401 22.4745 1.77682
53 3.5717 23.4527 1.845
54 16.5621 19.6936 1.01577
55 6.543 13.2891 -2.63365
56 20.1231 1.13361 -1.5126
57 16.7438 19.7907 1.0157
58 14.5057 22.5342 1.77918
59 1.58787 -0.474139 -1.71756
60 6.32109 5.73089 -2.03755
61 4.11753 12.6491 -3.13365
62 -3.10817 8.64143 2.66752
63 15.9371 17.3835 1.14285
64 14.4242 15.5641 1.09642
65 6.52594 5.07515 -2.0372
66 -2.77561 21.8327 2.58822
67 -2.34984 8.069 2.66752
68 7.03137 5.38309 -2.03781
69 4.98271 -1.78765 -1.44559
70 4.53094 -2.27109 -1.445
71 5.53618 21.1069 2.07825
72 13.3983 5.68022 2.5529
73 2.21714 0.340529 -1.71773
74 15.2116 8.99713 -0.239275
75 2.4237 12.1918 -2.14341
76 10.3945 6.86759 1.1698
77 1.87218 -0.573311 -1.71752
78 -0.806677 17.9322 1.97642
79 -1.3285 17.4565 1.97642
80 16.1196 16.5717 1.14185
81 17.9671 4.45351 1.05208
82 14.2759 21.676 1.77682
83 15.5069 16.2566 1.14025
84 9.89595 6.08535 1.15927
85 2.68854 12.0936 -2.15859
86 15.9778 20.3801 1.01568
87 11.2779 7.0913 1.18155
88 6.58104 3.45148 -1.6173
89 -1.16107 10.7692 2.63999
90 23.029 13.9135 0.595294
91 3.68703 20.7094 1.94765
92 6.49345 2.95712 -1.6173
93 -1.40203 17.471 1.97642
94 5.77735 2.92749 -1.6171
95 0.0106648 21.0267 1.60854
96 4.85497 20.9175 2.05705
97 18.4435 16.1127 1.22939
98 5.62426 5.38049 -2.0367
99 2.96112 22.8062 1.845
