100
Particles
0 9.35796 6.7784 -2.61229
1 13.0204 18.401 -0.667412
2 15.2148 2.93258 2.92031
3 8.19898 3.28386 0.896364
4 10.5527 7.30513 0.0163699
5 7.03296 14.4811 -1.99007
6 0.78309 3.97413 -2.99017
7 12.4061 19.7031 2.53656
8 9.70661 8.67918 2.07227
9 9.13957 3.59725 0.713983
10 9.99555 2.69998 -0.0811157
11 10.6992 19.696 -2.63873
12 7.75221 17.6041 0.788795
13 14.6984 2.7865 -0.298184
14 3.70463 17.8176 1.34172
15 20.1763 16.4404 0.3458
16 4.5978 4.4432 1.32052
17 16.9756 15.0133 2.68067
18 0.23195 17.1054 -2.75725
19 11.09 9.14579 0.00957036
20 4.31621 6.91123 0.35597
21 19.4653 18.8933 -0.40723
22 15.1627 11.7623 2.0457
23 6.75155 4.9232 2.34757
24 0.186649 9.3694 -1.11165
25 4.84094 8.25919 -1.78316
26 1.59344 10.8806 -0.880293
27 16.4068 13.4313 -1.05075
28 15.976 6.78382 2.61736
29 1.08247 13.6083 0.874734
30 11.3901 9.00585 1.09785
31 1.2942 8.57506 -1.05102
32 9.01837 9.29041 -0.316218
33 8.09486 19.2262 1.93427
34 13.1569 16.1359 1.30199
35 0.542115 5.83644 1.94232
36 19.6961 7.06815 -1.49518
37 11.5104 17.9208 -1.71729
38 4.4027 4.53351 1.81517
39 4.8586 12.5605 -0.18867
40 3.64767 19.1474 1.03545
41 18.092 2.21481 0.399427
42 11.3569 10.1733 0.737795
43 1.6249 11.8221 1.81739
44 16.5654 5.8953 2.52673
45 2.42525 7.24882 2.43866
46 11.6149 6.55409 2.94893
47 9.2748 15.4228 0.679824
48 5.97125 18.0263 -2.88936
49 17.4678 6.51901 2.4137
50 14.5978 6.09918 1.64952
51 8.54998 1.42054 2.67141
52 0.574752 19.6318 1.82578
53 4.03171 15.8438 0.677059
54 6.01635 19.5332 0.985116
55 4.83607 7.86684 2.91358
56 9.88455 11.0734 -1.7106
57 11.4372 13.8944 -2.07263
58 13.0956 7.44966 1.20952
59 12.7944 17.7245 1.06799
60 9.96375 19.8876 1.31976
61 11.9323 11.9776 -2.76849
62 4.37367 4.14762 -0.133113
63 1.82483 9.43279 -0.418684
64 12.4761 9.88226 0.972703
65 10.099 17.1277 3.07793
66 13.7012 15.0789 -0.457416
67 12.4628 7.00802 2.95965
68 14.6966 15.3682 0.679031
69 10.8673 16.6602 -1.97977
70 18.0775 19.3458 -3.03067
71 17.3725 9.83895 -2.56894
72 13.95 19.1261 0.417419
73 6.81101 16.2348 -2.35726
74 19.7957 5.85322 0.649579
75 4.98837 4.8042 0.825926
76 8.42903 2.33097 -3.12187
77 8.63372 16.1403 -1.26578
78 8.89989 15.2278 1.17774
79 3.62201 18.85 1.37144
80 15.9225 13.8692 -2.08403
81 7.02682 10.9786 -1.1504
82 5.49554 14.5042 0.678762
83 0.675166 4.16512 0.0940621
84 8.15483 5.47943 0.369997
85 9.28587 1.54976 -0.985373
86 1.04035 6.96685 -2.64334
87 14.4024 5.20977 -0.33428
88 13.9364 15.3311 2.45887
89 11.1575 8.15228 2.76759
90 16.8615 6.33697 -2.43872
91 7.07842 10.7065 2.97953
92 16.4893 10.2182 -1.24674
93 14.1767 11.4217 1.69764
94 4.07113 6.13023 2.80308
95 15.0468 8.35148 1.78563
96 9.23972 -0.309831 -2.18103
97 6.80197 0.790696 -0.190119
98 10.3942 19.6903 1.75521
99 12.7194 7.34623 0.613456
