100
Particles
0 -9.31231 -22.4061 -2.02497
1 55.7729 10.2649 0.191521
2 57.1673 15.1999 -0.0482543
3 -19.4722 32.1113 2.70934
4 17.0985 37.6893 1.39217
5 -7.6669 -23.1977 -2.02497
6 -8.18196 -23.2834 -2.02497
7 16.8305 38.1072 1.39217
8 -14.9933 -14.7134 -2.17338
9 -6.61523 52.6287 1.85396
10 33.5226 46.4266 1.03203
11 5.62118 -28.6892 -1.61726
12 17.1526 38.2208 1.39217
13 -6.13723 51.5489 1.85396
14 17.706 37.6266 1.39217
15 17.8393 51.6663 1.29527
16 7.61331 53.6549 1.77661
17 6.83394 53.6227 1.77661
18 -28.0616 13.0653 -3.13365
19 32.4442 45.3761 1.03205
20 -27.6063 -9.05884 -2.63252
21 -2.50605 -32.0791 -1.71767
22 7.47829 -33.9515 -1.53075
23 -31.8943 22.4409 2.66752
24 45.6087 18.7333 0.401628
25 32.6022 46.1997 1.03204
26 -8.32922 -24.3139 -2.02497
27 -3.1403 -30.9485 -1.71767
28 -6.44113 52.4661 1.85396
29 -3.36442 -31.4519 -1.71767
30 43.5717 -13.0978 -0.689808
31 44.981 19.0213 0.401628
32 -29.9232 26.2994 2.63999
33 -15.3647 -15.3765 -2.17338
34 -32.9518 15.9875 2.69836
35 -21.8047 -2.98217 -2.63365
36 31.7999 46.467 1.03204
37 32.516 46.9462 1.03203
38 34.1081 48.0664 1.03202
39 18.7414 51.7836 1.29527
40 -5.73509 52.4351 1.85396
41 4.95746 -29.7239 -1.61726
42 -9.05733 -23.3084 -2.02497
43 -15.6204 -15.7168 -2.17338
44 31.8304 47.421 1.03203
45 18.9479 51.4498 1.29527
46 28.166 44.1779 1.09642
47 17.6339 38.4266 1.39217
48 -3.83484 38.1889 2.24929
49 6.83387 53.6381 1.77661
50 6.74462 -35.3414 -1.53075
51 33.2325 47.3612 1.03203
52 7.2495 54.0439 1.77661
53 -5.16086 54.4979 1.845
54 33.4125 47.1878 1.03203
55 -21.6354 -2.39654 -2.63365
56 21.999 -31.0618 -1.5126
57 33.596 47.2839 1.03202
58 7.91485 54.1035 1.77661
59 -3.13182 -32.3769 -1.71767
60 -7.95956 -23.1843 -2.02497
61 -28.1315 12.3929 -3.13365
62 -31.8015 23.364 2.66752
63 31.6125 45.5327 1.03205
64 29.1556 44.2529 1.09642
65 -7.7548 -23.84 -2.02497
66 -30.2125 38.782 2.58822
67 -31.0432 22.7916 2.66752
68 -7.25109 -23.5313 -2.02497
69 7.00999 -33.952 -1.53075
70 6.45203 -34.4402 -1.53075
71 -4.99315 51.4859 1.85396
72 17.2247 36.7768 1.39217
73 -2.50261 -31.5622 -1.71767
74 45.1026 19.3129 0.401628
75 -15.8427 -14.3863 -2.17338
76 16.5943 38.4723 1.39217
77 -2.8475 -32.4761 -1.71767
78 -13.5322 47.5654 1.97642
79 -14.054 47.0896 1.97642
80 31.7376 44.7528 1.03206
81 46.0033 18.9452 0.401628
82 7.6853 53.2453 1.77661
83 31.0767 44.4632 1.03206
84 16.1347 37.6785 1.39217
85 -15.584 -14.4803 -2.17338
86 32.8327 47.8714 1.03203
87 17.4387 38.7088 1.39217
88 5.083 -28.7637 -1.61726
89 -29.4382 26.2761 2.63999
90 49.7315 31.9977 0.595294
91 -6.56641 51.197 1.85396
92 4.99542 -29.2581 -1.61726
93 -14.1276 47.1041 1.97642
94 4.27935 -29.2877 -1.61726
95 -7.24891 52.2982 1.85396
96 -5.57554 51.3366 1.85396
97 33.0999 44.6989 1.03205
98 -8.64471 -23.5405 -2.02497
99 -5.77144 53.8514 1.845
