100
Particles
0 -14.0286 -32.0663 -2.02497
1 66.3263 12.3112 0.191521
2 67.9048 14.6813 -0.0482543
3 -29.2335 36.6146 2.70934
4 19.0085 48.2682 1.39217
5 -12.3831 -32.858 -2.02497
6 -12.8982 -32.9437 -2.02497
7 18.7405 48.6862 1.39217
8 -21.0861 -23.57 -2.17338
9 -9.61867 62.9506 1.85396
10 39.0381 55.6538 1.03203
11 5.12184 -39.4276 -1.61726
12 19.0627 48.7998 1.39217
13 -9.14067 61.8708 1.85396
14 19.6161 48.2056 1.39217
15 20.7638 62.0109 1.29527
16 5.41646 64.178 1.77661
17 4.63708 64.1459 1.77661
18 -38.8113 12.9799 -3.13365
19 37.9597 54.6033 1.03204
20 -36.9932 -14.2981 -2.63252
21 -4.07929 -42.7133 -1.71767
22 7.90865 -44.6929 -1.53075
23 -41.4588 27.3484 2.66752
24 55.5033 22.9357 0.401628
25 38.1177 55.4269 1.03204
26 -13.0455 -33.9741 -2.02497
27 -4.71355 -41.5828 -1.71767
28 -9.44457 62.7881 1.85396
29 -4.93766 -42.0862 -1.71767
30 51.8639 -19.939 -0.689808
31 54.8756 23.2236 0.401628
32 -39.349 31.4684 2.63999
33 -21.4575 -24.2331 -2.17338
34 -42.6631 20.5977 2.69836
35 -31.1975 -8.21073 -2.63365
36 37.3154 55.6942 1.03204
37 38.0315 56.1734 1.03203
38 39.6237 57.2936 1.03203
39 21.666 62.1281 1.29527
40 -8.73853 62.757 1.85396
41 4.45812 -40.4623 -1.61726
42 -13.7736 -32.9686 -2.02497
43 -21.7132 -24.5734 -2.17338
44 37.3459 56.6482 1.03203
45 21.8724 61.7943 1.29527
46 33.0764 53.7408 1.09642
47 19.544 49.0056 1.39217
48 -10.5817 46.558 2.24929
49 4.63701 64.1612 1.77661
50 7.17498 -46.0828 -1.53075
51 38.7481 56.5884 1.03203
52 5.05264 64.567 1.77661
53 -8.07172 64.8463 1.845
54 38.9281 56.415 1.03203
55 -31.0282 -7.6251 -2.63365
56 22.6243 -41.7936 -1.5126
57 39.1116 56.5111 1.03203
58 5.71799 64.6266 1.77661
59 -4.70507 -43.0112 -1.71767
60 -12.6758 -32.8445 -2.02497
61 -38.8811 12.3075 -3.13365
62 -41.3659 28.2716 2.66752
63 37.128 54.76 1.03204
64 34.066 53.8159 1.09642
65 -12.471 -33.5002 -2.02497
66 -39.3582 44.4318 2.58822
67 -40.6076 27.6992 2.66752
68 -11.9673 -33.1915 -2.02497
69 7.44035 -44.6934 -1.53075
70 6.88239 -45.1816 -1.53075
71 -7.9966 61.8078 1.85396
72 19.1348 47.3558 1.39217
73 -4.07585 -42.1965 -1.71767
74 54.9971 23.5153 0.401628
75 -21.9356 -23.2429 -2.17338
76 18.5043 49.0512 1.39217
77 -4.42074 -43.1103 -1.71767
78 -17.7741 57.4431 1.97642
79 -18.2959 56.9673 1.97642
80 37.253 53.98 1.03204
81 55.8979 23.1476 0.401628
82 5.48844 63.7685 1.77661
83 36.5922 53.6905 1.03204
84 18.0447 48.2575 1.39217
85 -21.6769 -23.337 -2.17338
86 38.3482 57.0986 1.03203
87 19.3488 49.2878 1.39217
88 4.58366 -39.5021 -1.61726
89 -38.864 31.4451 2.63999
90 58.6323 38.0258 0.595294
91 -9.56985 61.5189 1.85396
92 4.49607 -39.9965 -1.61726
93 -18.3694 56.9819 1.97642
94 3.78001 -40.0261 -1.61726
95 -10.2524 62.6202 1.85396
96 -8.57898 61.6585 1.85396
97 38.6154 53.9261 1.03204
98 -13.3609 -33.2007 -2.02497
99 -8.68229 64.1998 1.845
