100
Particles
0 -3.82831 -11.1733 -2.02497
1 43.5014 7.88549 0.191521
2 44.6819 15.8028 -0.0482543
3 -8.12186 26.8749 2.70934
4 14.8775 25.3882 1.39217
5 -2.1829 -11.9649 -2.02497
6 -2.69796 -12.0507 -2.02497
7 14.6095 25.8061 1.39217
8 -7.90858 -4.41503 -2.17338
9 -3.1229 40.6265 1.85393
10 27.1077 35.6981 1.03142
11 6.20181 -16.2027 -1.61726
12 14.9316 25.9197 1.39217
13 -2.64484 39.5466 1.85396
14 15.4851 25.3255 1.39217
15 14.4386 39.6378 1.29527
16 10.1678 41.4187 1.77661
17 9.38843 41.3865 1.77661
18 -15.562 13.1646 -3.13365
19 26.0336 34.6451 1.03324
20 -16.6914 -2.96672 -2.63252
21 -0.676696 -19.7137 -1.71767
22 6.97787 -21.4616 -1.53075
23 -20.7729 16.7345 2.66752
24 34.1034 13.8469 0.401628
25 26.1891 35.4702 1.03217
26 -2.84522 -13.0811 -2.02497
27 -1.31095 -18.5831 -1.71767
28 -2.94879 40.4639 1.85393
29 -1.53506 -19.0865 -1.71767
30 33.9296 -5.14292 -0.689808
31 33.4757 14.1348 0.401628
32 -18.9631 20.289 2.63999
33 -8.27997 -5.07808 -2.17338
34 -21.6597 10.6267 2.69836
35 -10.8828 3.09756 -2.63365
36 25.387 35.7374 1.03227
37 26.1017 36.2174 1.03168
38 27.6923 37.3386 1.031
39 15.3407 39.755 1.29527
40 -2.24274 40.4328 1.85394
41 5.53809 -17.2374 -1.61726
42 -3.57333 -12.0756 -2.02497
43 -8.53566 -5.41843 -2.17338
44 25.4168 36.6918 1.03197
45 15.5472 39.4213 1.29527
46 22.4562 33.0581 1.09642
47 15.4129 26.1255 1.39217
48 4.01037 28.4574 2.24929
49 9.38836 41.4019 1.77661
50 6.2442 -22.8514 -1.53075
51 26.8174 36.6329 1.0313
52 9.80399 41.8077 1.77661
53 -1.77615 42.4648 1.845
54 26.9974 36.4595 1.0313
55 -10.7135 3.68318 -2.63365
56 21.2719 -18.5829 -1.5126
57 27.1806 36.5558 1.03117
58 10.4693 41.8673 1.77661
59 -1.30247 -20.0115 -1.71767
60 -2.47556 -11.9515 -2.02497
61 -15.6318 12.4922 -3.13365
62 -20.6801 17.6576 2.66752
63 25.2017 34.8018 1.03318
64 23.4457 33.1332 1.09642
65 -2.2708 -12.6072 -2.02497
66 -19.5781 32.2125 2.58822
67 -19.9217 17.0852 2.66752
68 -1.76709 -12.2985 -2.02497
69 6.50957 -21.462 -1.53075
70 5.95161 -21.9502 -1.53075
71 -1.50067 39.4837 1.85403
72 15.0037 24.4757 1.39217
73 -0.673257 -19.1968 -1.71767
74 33.5972 14.4264 0.401628
75 -8.75801 -4.0879 -2.17338
76 14.3733 26.1712 1.39217
77 -1.01815 -20.1107 -1.71767
78 -8.59983 36.0796 1.97642
79 -9.12165 35.6039 1.97642
80 25.3279 34.0212 1.03364
81 34.498 14.0588 0.401628
82 10.2398 41.0091 1.77661
83 24.6677 33.7312 1.03396
84 13.9137 25.3774 1.39217
85 -8.49933 -4.18195 -2.17338
86 26.4175 37.1431 1.03128
87 15.2177 26.4077 1.39217
88 5.66363 -16.2772 -1.61726
89 -18.4781 20.2657 2.63999
90 39.3817 24.9883 0.595294
91 -3.07402 39.1948 1.85397
92 5.57605 -16.7716 -1.61726
93 -9.19518 35.6184 1.97642
94 4.85998 -16.8012 -1.61726
95 -3.75658 40.296 1.85392
96 -2.08309 39.3344 1.85401
97 26.6899 33.9675 1.03348
98 -3.1607 -12.3077 -2.02497
99 -2.38672 41.8184 1.845
