100
Particles
0 -0.556151 -4.42488 -1.99782
1 36.1385 6.45785 0.191521
2 37.1906 16.1646 -0.0482543
3 -1.31167 23.733 2.70934
4 13.5449 18.0075 1.39217
5 1.11075 -5.22686 -2.02971
6 0.592954 -5.31123 -2.0257
7 13.2769 18.4255 1.39217
8 -3.65776 1.76401 -2.17338
9 -1.03195 33.4238 1.85078
10 23.2414 29.2715 1.02374
11 6.55019 -8.71084 -1.61726
12 13.599 18.5391 1.39217
13 -0.548059 32.3457 1.85492
14 14.1525 17.9449 1.39217
15 12.3982 32.4207 1.29527
16 11.7005 34.0769 1.77661
17 10.9211 34.0448 1.77661
18 -8.06222 13.2242 -3.13365
19 22.2217 28.1861 1.04891
20 -10.1424 0.688553 -2.63252
21 0.420916 -12.2944 -1.71767
22 6.67712 -13.9676 -1.53
23 -14.1 13.3106 2.66752
24 27.2002 10.915 0.401628
25 22.345 29.0303 1.03387
26 0.446963 -6.34229 -2.02787
27 -0.213339 -11.1638 -1.71767
28 -0.856621 33.2616 1.85164
29 -0.437451 -11.6672 -1.71767
30 28.1443 -0.370008 -0.689808
31 26.5725 11.2029 0.401628
32 -12.387 16.6828 2.63999
33 -4.02914 1.10095 -2.17338
34 -14.8844 7.41025 2.69836
35 -4.32971 6.74539 -2.63365
36 21.546 29.2956 1.03499
37 22.243 29.7862 1.02702
38 23.8137 30.9194 1.01832
39 13.3003 32.5379 1.29527
40 -0.149945 33.2307 1.85209
41 5.88647 -9.74547 -1.61726
42 -0.292005 -5.33157 -2.01148
43 -4.28484 0.760608 -2.17338
44 21.5666 30.2555 1.03068
45 13.5068 32.2042 1.29527
46 19.0303 26.3863 1.09642
47 14.0803 18.7449 1.39217
48 8.7175 22.6185 2.24929
49 10.921 34.0602 1.77661
50 5.94445 -15.3574 -1.5315
51 22.9474 30.2085 1.022
52 11.3367 34.466 1.77661
53 0.254679 35.245 1.845
54 23.1274 30.0351 1.022
55 -4.16042 7.33102 -2.63365
56 20.8356 -11.0956 -1.5126
57 23.3071 30.1336 1.02045
58 12.002 34.5256 1.77661
59 -0.204856 -12.5923 -1.71767
60 0.817455 -5.21315 -2.02882
61 -8.13209 12.5518 -3.13365
62 -14.0072 14.2337 2.66752
63 21.3877 28.3441 1.04752
64 20.0199 26.4614 1.09642
65 1.02219 -5.86883 -2.02886
66 -13.1974 28.2708 2.58822
67 -13.2489 13.6613 2.66752
68 1.52656 -5.56037 -2.02971
69 6.20909 -13.968 -1.53041
70 5.65159 -14.4562 -1.53109
71 0.606589 32.2858 1.86235
72 13.6711 17.0951 1.39217
73 0.424355 -11.7776 -1.71767
74 26.694 11.4946 0.401628
75 -4.50718 2.09114 -2.17338
76 13.0407 18.7905 1.39217
77 0.0794666 -12.6914 -1.71767
78 -5.64041 29.1882 1.97642
79 -6.16222 28.7125 1.97642
80 21.5275 27.5555 1.05356
81 27.5948 11.1269 0.401628
82 11.7725 33.6674 1.77661
83 20.8768 27.26 1.05735
84 12.5811 17.9968 1.39217
85 -4.24851 1.99709 -2.17338
86 22.5471 30.719 1.0218
87 13.8852 19.027 1.39217
88 6.01201 -8.7853 -1.61726
89 -11.902 16.6594 2.63999
90 33.1718 20.7827 0.595294
91 -0.976684 31.994 1.85532
92 5.92443 -9.27966 -1.61726
93 -6.23576 28.727 1.97642
94 5.20836 -9.30929 -1.61726
95 -1.66609 33.0932 1.85045
96 0.0207551 32.1355 1.85993
97 22.8857 27.5041 1.0531
98 0.129266 -5.56782 -2.02443
99 -0.355896 34.5986 1.845
