100
Particles
0 -14.906 -33.8636 -2.02497
1 68.2897 12.6919 0.191521
2 69.9025 14.5849 -0.0482543
3 -31.0495 37.4524 2.70934
4 19.3639 50.2364 1.39217
5 -13.2606 -34.6552 -2.02497
6 -13.7756 -34.7409 -2.02497
7 19.0959 50.6544 1.39217
8 -22.2197 -25.2178 -2.17338
9 -10.1775 64.871 1.85396
10 40.0643 57.3705 1.03203
11 5.02894 -41.4255 -1.61726
12 19.418 50.768 1.39217
13 -9.69945 63.7911 1.85396
14 19.9714 50.1738 1.39217
15 21.308 63.9354 1.29527
16 5.00774 66.1358 1.77661
17 4.22837 66.1037 1.77661
18 -40.8112 12.964 -3.13365
19 38.9858 56.32 1.03204
20 -38.7396 -15.2728 -2.63252
21 -4.37199 -44.6918 -1.71767
22 7.98872 -46.6913 -1.53075
23 -43.2382 28.2615 2.66752
24 57.3441 23.7175 0.401628
25 39.1438 57.1436 1.03204
26 -13.9229 -35.7714 -2.02497
27 -5.00625 -43.5612 -1.71767
28 -10.0034 64.7084 1.85396
29 -5.23036 -44.0646 -1.71767
30 53.4067 -21.2117 -0.689808
31 56.7164 24.0055 0.401628
32 -41.1026 32.4301 2.63999
33 -22.5911 -25.8808 -2.17338
34 -44.4698 21.4554 2.69836
35 -32.945 -9.18348 -2.63365
36 38.3416 57.4109 1.03204
37 39.0577 57.8901 1.03203
38 40.6498 59.0103 1.03203
39 22.2101 64.0527 1.29527
40 -9.29731 64.6773 1.85396
41 4.36522 -42.4601 -1.61726
42 -14.651 -34.7659 -2.02497
43 -22.8468 -26.2212 -2.17338
44 38.3721 58.3649 1.03204
45 22.4166 63.7189 1.29527
46 33.99 55.52 1.09642
47 19.8993 50.9738 1.39217
48 -11.837 48.1151 2.24929
49 4.22829 66.119 1.77661
50 7.25504 -48.0812 -1.53075
51 39.7742 58.3051 1.03203
52 4.64392 66.5248 1.77661
53 -8.61327 66.7715 1.845
54 39.9542 58.1317 1.03203
55 -32.7757 -8.59786 -2.63365
56 22.7406 -43.7902 -1.5126
57 40.1378 58.2278 1.03203
58 5.30927 66.5844 1.77661
59 -4.99776 -44.9896 -1.71767
60 -13.5532 -34.6418 -2.02497
61 -40.8811 12.2916 -3.13365
62 -43.1454 29.1846 2.66752
63 38.1541 56.4767 1.03204
64 34.9796 55.5951 1.09642
65 -13.3485 -35.2975 -2.02497
66 -41.0597 45.4829 2.58822
67 -42.387 28.6122 2.66752
68 -12.8448 -34.9887 -2.02497
69 7.52042 -46.6917 -1.53075
70 6.96246 -47.18 -1.53075
71 -8.55538 63.7281 1.85396
72 19.4901 49.324 1.39217
73 -4.36855 -44.175 -1.71767
74 56.838 24.2971 0.401628
75 -23.0691 -24.8907 -2.17338
76 18.8597 51.0194 1.39217
77 -4.71344 -45.0888 -1.71767
78 -18.5632 59.2808 1.97642
79 -19.085 58.805 1.97642
80 38.2792 55.6967 1.03204
81 57.7387 23.9294 0.401628
82 5.07972 65.7263 1.77661
83 37.6183 55.4071 1.03204
84 18.4001 50.2257 1.39217
85 -22.8104 -24.9847 -2.17338
86 39.3744 58.8153 1.03203
87 19.7041 51.2559 1.39217
88 4.49076 -41.4999 -1.61726
89 -40.6176 32.4068 2.63999
90 60.2883 39.1473 0.595294
91 -10.1286 63.4393 1.85396
92 4.40317 -41.9943 -1.61726
93 -19.1586 58.8196 1.97642
94 3.68711 -42.0239 -1.61726
95 -10.8111 64.5405 1.85396
96 -9.13776 63.5789 1.85396
97 39.6416 55.6428 1.03204
98 -14.2384 -34.998 -2.02497
99 -9.22384 66.1251 1.845
