100
Particles
0 9.95741 6.665 -0.439584
1 12.6529 18.703 -2.90134
2 14.7593 3.72624 -3.10333
3 7.92699 3.93406 0.50115
4 11.0466 8.38941 2.23218
5 6.01607 13.8303 2.47984
6 1.39417 3.4918 -2.38481
7 12.3064 21.0884 2.57092
8 9.91805 7.70324 0.588504
9 10.9484 3.89946 0.305225
10 10.0891 2.61046 1.62942
11 10.1218 20.2015 0.551645
12 8.2897 17.9188 1.01634
13 15.2604 2.22626 -2.35975
14 4.06325 17.4704 0.47499
15 20.6787 16.188 2.96741
16 4.37511 4.64527 -1.96661
17 16.5406 14.4607 -1.61919
18 0.260887 16.4035 -1.45544
19 11.8664 9.00906 -0.148853
20 5.50615 6.16003 -1.13424
21 19.6139 18.831 0.335867
22 14.9009 12.0681 1.27106
23 7.32398 5.11448 -1.64221
24 -0.546163 9.18006 3.03393
25 5.32194 7.64297 -0.13554
26 2.3029 10.8433 2.0476
27 17.0802 13.0713 -0.135074
28 14.7409 6.06879 -1.63655
29 0.68718 12.9671 2.33533
30 11.2376 8.77801 2.68665
31 1.70598 8.61747 2.47778
32 8.95471 10.7393 1.74967
33 8.84112 19.5415 -0.159417
34 13.8733 14.9485 -0.807758
35 -0.129339 5.84593 0.749368
36 19.7032 7.71474 1.20462
37 11.1786 18.7863 -2.69521
38 4.87554 4.03109 -0.782039
39 4.2737 11.5109 -2.21696
40 3.81128 18.9811 -0.105782
41 18.4503 1.1702 0.273735
42 11.3494 9.90144 -0.792928
43 2.84005 10.8124 -0.547547
44 17.0778 6.12145 -0.787907
45 2.56909 7.58843 -0.473703
46 10.3624 6.62906 -2.15815
47 10.5671 16 -0.0322798
48 5.64927 17.7721 2.75577
49 18.0961 6.4662 3.09611
50 13.5431 5.31151 -2.54442
51 9.19242 1.83377 -0.0968553
52 1.03521 19.413 -2.27951
53 3.85673 15.9723 -1.31339
54 6.15086 20.9607 1.34689
55 5.98251 8.1029 0.0516934
56 8.67746 10.4546 -3.04802
57 10.9684 15.0614 1.66622
58 13.0666 6.78458 -1.01878
59 13.7175 17.9243 -1.44305
60 11.0659 19.4379 -0.64971
61 11.8314 12.1701 3.09881
62 4.69529 4.392 2.78115
63 1.70546 8.53992 -1.58774
64 13.524 8.6452 -0.652071
65 12.0356 16.8204 -0.913567
66 14.361 14.1178 -2.22062
67 12.0526 7.8238 1.08962
68 14.9274 15.2168 0.135552
69 10.5987 16.6206 -3.02058
70 17.6566 20.6564 -0.197964
71 17.4019 9.78399 -1.29888
72 13.9107 18.4666 2.53827
73 5.89472 17.0354 2.44032
74 18.4693 6.42669 1.75252
75 4.98217 5.28298 2.07939
76 8.31377 3.24988 1.40498
77 8.67365 15.2187 0.541201
78 8.94998 15.7154 1.62311
79 3.26093 18.8488 1.79757
80 15.6589 13.7061 1.32497
81 6.97793 11.3993 1.79642
82 5.50353 13.7587 -2.40245
83 1.78796 4.76365 0.613509
84 7.27926 5.89502 -1.24247
85 9.81045 2.22766 2.9871
86 1.00348 6.45977 -3.03358
87 13.5707 4.04761 -2.12864
88 14.5912 15.3518 1.91574
89 10.2318 8.8575 1.77197
90 17.1062 6.22379 -2.6646
91 6.65036 11.0562 -0.41214
92 17.2153 10.3484 -1.72457
93 12.9182 10.9346 -0.17625
94 3.00078 5.79025 -2.8416
95 15.3912 6.78139 -0.435107
96 9.22985 -0.238031 -0.237388
97 6.31777 0.415763 -0.489017
98 9.60008 20.994 1.39168
99 13.7974 8.19412 -3.06536
