100
Particles
0 -11.5059 -26.8992 -2.02497
1 60.6814 11.2166 0.191521
2 62.1615 14.9587 -0.0482543
3 -24.0123 34.2059 2.70934
4 17.9869 42.6097 1.39217
5 -9.8605 -27.6909 -2.02497
6 -10.3756 -27.7766 -2.02497
7 17.7189 43.0277 1.39217
8 -17.8272 -18.8328 -2.17338
9 -8.01218 57.4296 1.85396
10 36.0879 50.7183 1.03203
11 5.38893 -33.6838 -1.61726
12 18.041 43.1413 1.39217
13 -7.53418 56.3498 1.85396
14 18.5944 42.5471 1.39217
15 19.1995 56.4778 1.29527
16 6.59152 58.5493 1.77661
17 5.81215 58.5172 1.77661
18 -33.0614 13.0256 -3.13365
19 35.0095 49.6678 1.03204
20 -31.9723 -11.4957 -2.63252
21 -3.23779 -37.0253 -1.71767
22 7.67846 -38.9475 -1.53075
23 -36.3429 24.7235 2.66752
24 50.2108 20.6879 0.401628
25 35.1675 50.4914 1.03204
26 -10.5228 -28.807 -2.02497
27 -3.87205 -35.8947 -1.71767
28 -7.83808 57.267 1.85396
29 -4.09616 -36.3981 -1.71767
30 47.4286 -16.2797 -0.689808
31 49.5831 20.9759 0.401628
32 -34.3073 28.7036 2.63999
33 -18.1986 -19.4958 -2.17338
34 -37.4687 18.1318 2.69836
35 -26.1734 -5.41406 -2.63365
36 34.3653 50.7588 1.03204
37 35.0813 51.238 1.03203
38 36.6735 52.3582 1.03203
39 20.1016 56.595 1.29527
40 -7.13204 57.236 1.85396
41 4.72521 -34.7185 -1.61726
42 -11.2509 -27.8016 -2.02497
43 -18.4543 -19.8362 -2.17338
44 34.3958 51.7127 1.03203
45 20.3081 56.2612 1.29527
46 30.4499 48.6257 1.09642
47 18.5223 43.3471 1.39217
48 -6.97293 42.0815 2.24929
49 5.81208 58.5326 1.77661
50 6.94478 -40.3374 -1.53075
51 35.7979 51.6529 1.03203
52 6.2277 58.9384 1.77661
53 -6.51475 59.3111 1.845
54 35.9779 51.4795 1.03203
55 -26.0041 -4.82843 -2.63365
56 22.2898 -36.0533 -1.5126
57 36.1614 51.5756 1.03203
58 6.89306 58.998 1.77661
59 -3.86356 -37.3231 -1.71767
60 -10.1532 -27.6775 -2.02497
61 -33.1313 12.3532 -3.13365
62 -36.2501 25.6466 2.66752
63 34.1778 49.8245 1.03204
64 31.4395 48.7008 1.09642
65 -9.9484 -28.3332 -2.02497
66 -34.4663 41.4098 2.58822
67 -35.4917 25.0742 2.66752
68 -9.44469 -28.0244 -2.02497
69 7.21016 -38.948 -1.53075
70 6.6522 -39.4362 -1.53075
71 -6.3901 56.2867 1.85396
72 18.1131 41.6973 1.39217
73 -3.23435 -36.5084 -1.71767
74 49.7047 21.2675 0.401628
75 -18.6766 -18.5056 -2.17338
76 17.4827 43.3927 1.39217
77 -3.57924 -37.4223 -1.71767
78 -15.5052 52.1596 1.97642
79 -16.027 51.6839 1.97642
80 34.3029 49.0445 1.03204
81 50.6054 20.8998 0.401628
82 6.6635 58.1398 1.77661
83 33.642 48.755 1.03204
84 17.0231 42.599 1.39217
85 -18.4179 -18.5997 -2.17338
86 35.3981 52.1631 1.03203
87 18.3271 43.6292 1.39217
88 4.85075 -33.7583 -1.61726
89 -33.8223 28.6803 2.63999
90 53.8714 34.8015 0.595294
91 -7.96336 55.9979 1.85396
92 4.76317 -34.2527 -1.61726
93 -16.1005 51.6984 1.97642
94 4.0471 -34.2823 -1.61726
95 -8.64586 57.0991 1.85396
96 -6.97249 56.1375 1.85396
97 35.6653 48.9906 1.03204
98 -10.8383 -28.0336 -2.02497
99 -7.12532 58.6647 1.845
