100
Particles
0 11.8588 6.6164 0.546111
1 13.4185 19.0496 -1.63201
2 13.9368 3.72219 -2.23066
3 10.872 4.93799 0.615911
4 10.7033 8.82523 0.307244
5 5.46431 14.4648 2.75626
6 -0.557743 3.9082 1.03582
7 11.5671 20.1584 1.80247
8 8.6557 7.72851 -1.75769
9 11.9251 2.21121 1.60463
10 11.4451 2.96457 -0.232149
11 8.78823 18.82 -0.683321
12 8.16557 16.3837 -0.121066
13 16.6074 3.23282 1.19095
14 3.55492 17.9886 -0.849418
15 20.8451 14.421 2.41145
16 2.47589 2.99667 0.614117
17 16.9402 15.0955 -1.15109
18 -0.0276046 17.9355 -0.192703
19 9.32182 7.78955 2.6586
20 6.65738 4.57066 -0.461561
21 19.9843 18.9596 1.46027
22 14.8657 12.9749 -2.37951
23 5.93803 3.91671 0.741252
24 -1.03229 10.1484 -2.93707
25 5.43637 8.23765 -2.36055
26 1.20319 10.8016 -0.743196
27 17.3766 15.1739 -2.72949
28 14.4627 6.21355 2.65437
29 0.971292 12.0227 0.0768573
30 10.5833 8.43879 -2.20865
31 1.96712 8.62423 1.4526
32 8.60938 9.97485 0.36387
33 6.41072 19.2884 -2.8382
34 14.4513 16.0188 0.76939
35 1.04705 4.94276 0.456672
36 19.3794 8.92345 1.76847
37 11.5306 17.6221 1.6407
38 4.1372 4.06689 2.1981
39 5.50658 13.5096 1.51321
40 4.46949 18.9607 -0.842409
41 18.5683 1.12375 -1.20899
42 11.0273 8.58296 2.70106
43 1.77549 11.6556 2.80628
44 18.3241 7.75808 -1.15186
45 3.6389 8.21355 1.07496
46 9.59258 6.24123 -2.30392
47 8.58603 16.781 -2.44646
48 6.14592 15.9294 -1.71546
49 18.2375 6.16909 -1.6122
50 12.9221 6.71466 0.826356
51 10.4885 3.13631 -1.72164
52 1.28117 19.5941 0.591626
53 3.03447 15.7757 2.38643
54 6.02929 22.5585 -2.42807
55 6.35158 7.35416 -1.69055
56 9.17004 9.95262 2.28837
57 10.6743 14.5846 2.86095
58 15.6201 8.93114 0.899426
59 14.3552 18.0423 -0.205519
60 11.3827 17.0364 2.59519
61 12.0153 13.3267 2.34328
62 5.03492 4.95552 1.70425
63 1.8519 8.31572 1.54857
64 11.5947 10.1061 1.47756
65 11.549 15.9366 0.0235231
66 13.7785 12.1774 -1.81558
67 11.0672 7.5103 1.38913
68 15.823 15.7017 0.668988
69 9.41172 14.4894 1.77862
70 19.1149 21.562 -2.62472
71 18.2785 9.2096 1.74001
72 13.5292 17.0848 -0.973679
73 3.14428 19.0455 2.60111
74 17.5964 5.09063 2.6855
75 5.06464 5.28441 2.23694
76 6.98232 4.51964 1.71984
77 9.8418 14.4701 2.13708
78 9.31338 16.6921 1.29252
79 3.72589 17.2703 0.00558475
80 16.3757 13.8977 -0.637743
81 6.92522 10.5575 -1.716
82 5.54006 12.5566 0.101372
83 3.24829 5.35478 0.333393
84 6.03068 7.40314 -1.08508
85 10.6369 2.86419 2.13435
86 0.731511 3.87243 -1.81865
87 13.381 2.27486 -0.32218
88 14.7679 18.813 1.58827
89 8.91394 7.70197 -1.96581
90 19.0488 7.20073 1.89484
91 7.52212 11.1209 0.295419
92 17.9815 10.9947 -1.63162
93 13.3187 11.6376 2.91306
94 2.90723 6.89201 -2.94704
95 15.6757 6.12448 -1.34465
96 10.6686 -2.15499 1.43171
97 7.09211 0.484531 -3.33599
98 9.07856 20.8005 1.1253
99 15.1848 8.47998 0.722503
