100
Particles
0 10.6396 7.20406 -1.46601
1 14.436 19.2268 -1.87403
2 14.1726 2.75841 -1.23709
3 9.17595 4.41099 -0.0853176
4 10.9745 8.46801 -1.44214
5 5.9199 14.5483 2.06643
6 0.00942398 3.60389 -2.27171
7 12.1071 20.7383 -2.17531
8 8.61522 7.99855 2.92198
9 11.4869 1.7336 -1.04569
10 10.6348 3.33315 -1.42403
11 9.15064 20.3175 1.39816
12 7.89994 17.024 2.23004
13 16.7111 2.60761 0.273471
14 3.24278 16.5713 1.69624
15 20.5034 15.0576 -0.0600005
16 3.57279 2.69623 3.00714
17 17.1787 15.1093 1.74632
18 -0.800892 16.6908 -0.921946
19 10.4934 8.7306 -2.86454
20 6.65782 5.11414 -1.39944
21 18.6974 18.7298 -1.75841
22 15.295 13.4223 1.53385
23 6.02707 4.55823 0.941701
24 0.205498 9.9064 1.00531
25 4.82736 8.52009 -2.60494
26 1.8413 11.0189 1.69009
27 17.6063 14.7443 2.13465
28 14.4576 6.03218 -1.7245
29 1.0668 12.4284 -0.945535
30 10.253 9.07085 2.95155
31 2.16266 8.48612 3.07227
32 8.81006 10.1486 -3.12213
33 7.04204 19.1044 2.44441
34 14.2464 15.1671 -1.6779
35 0.48393 5.19271 -2.02972
36 19.3986 7.95827 -1.11054
37 11.6868 17.2905 2.86061
38 4.5539 3.07573 -0.934027
39 4.10757 12.2904 1.21247
40 4.06636 18.8059 -2.47573
41 17.7146 0.440837 -1.25143
42 11.204 9.49644 -0.22141
43 2.8302 12.0968 2.51787
44 17.8596 6.42487 -2.86272
45 4.12368 8.0908 0.728225
46 10.9842 7.18472 1.58711
47 9.01556 16.96 2.72024
48 7.10418 16.3983 -1.15161
49 18.6001 6.28333 1.85709
50 11.598 5.36734 -0.715739
51 10.2532 2.78184 0.421287
52 1.58183 19.3333 -0.618851
53 4.15441 16.485 -1.5763
54 5.47256 22.1051 -2.95531
55 5.95649 7.98797 -1.88946
56 9.31663 9.93066 -0.237575
57 11.2782 14.0341 1.90443
58 14.6773 8.15362 1.57554
59 14.228 18.3358 -2.54007
60 12.5564 17.8728 -2.9386
61 13.2324 13.2287 -1.37568
62 4.46611 4.59243 2.32955
63 2.58902 8.22698 -2.47229
64 12.4414 9.61522 -0.0830756
65 10.7781 15.3839 -2.54626
66 13.6339 12.656 -2.98417
67 11.3644 7.08913 1.28146
68 15.2738 14.8014 0.188728
69 9.99863 16.0442 -0.992164
70 19.3489 20.5174 2.61214
71 18.2901 8.76159 1.92151
72 13.2755 17.3893 0.00137882
73 4.88258 19.0262 0.756428
74 17.8968 3.96727 -3.10277
75 5.13592 4.64751 -1.39458
76 7.73798 4.37416 1.82104
77 9.70079 14.1833 1.84114
78 9.48902 15.3382 0.264308
79 3.10954 17.3019 -1.43679
80 15.9618 15.2086 0.0301555
81 8.44889 10.1762 2.29651
82 4.54337 12.291 2.28744
83 1.88794 4.49945 -0.11856
84 6.30922 6.43731 0.608286
85 10.8434 2.9049 -1.03048
86 0.606263 4.80247 0.898475
87 12.8635 2.60921 -1.39343
88 14.0663 17.8251 1.45508
89 9.93051 8.2811 -0.344915
90 18.2529 6.42049 1.43281
91 7.04859 10.5564 0.390027
92 17.1 10.2279 -0.350306
93 13.8661 11.531 -1.44462
94 2.66932 6.18267 2.0738
95 16.2558 6.21779 -0.630756
96 9.56247 -1.18481 -3.05058
97 5.94797 0.300703 3.13025
98 8.71087 20.4237 -1.03973
99 14.3279 7.6814 -1.9879
