100
Particles
0 -1.41715 -6.23002 -2.02228
1 38.102 6.83855 0.191521
2 39.1883 16.0681 -0.0482543
3 -3.12772 24.5709 2.70934
4 13.9003 19.9757 1.39217
5 0.230392 -7.02268 -2.02546
6 -0.284948 -7.10825 -2.02505
7 13.6323 20.3937 1.39217
8 -4.79131 0.116267 -2.17338
9 -1.58751 35.3451 1.85304
10 24.2774 30.9823 1.02787
11 6.45729 -10.7087 -1.61726
12 13.9544 20.5072 1.39217
13 -1.10781 34.2658 1.85423
14 14.5078 19.913 1.39217
15 12.9423 34.3453 1.29527
16 11.2918 36.0347 1.77661
17 10.5124 36.0026 1.77661
18 -10.0622 13.2083 -3.13365
19 23.2282 29.9144 1.04024
20 -11.8888 -0.286186 -2.63252
21 0.12822 -14.2729 -1.71767
22 6.75765 -15.966 -1.53069
23 -15.8795 14.2236 2.66752
24 29.041 11.6968 0.401628
25 23.369 30.7482 1.03293
26 -0.432089 -8.13875 -2.02522
27 -0.506036 -13.1423 -1.71767
28 -1.41305 35.1827 1.85329
29 -0.730148 -13.6457 -1.71767
30 29.6871 -1.64279 -0.689808
31 28.4133 11.9848 0.401628
32 -14.1406 17.6444 2.63999
33 -5.1627 -0.546791 -2.17338
34 -16.6911 8.26797 2.69836
35 -6.07721 5.77264 -2.63365
36 22.5684 31.0145 1.03364
37 23.275 31.4994 1.02962
38 24.8563 32.6261 1.02504
39 13.8444 34.4625 1.29527
40 -0.706831 35.1517 1.85342
41 5.79357 -11.7433 -1.61726
42 -1.16127 -7.13278 -2.02363
43 -5.41839 -0.887136 -2.17338
44 22.594 31.9714 1.03156
45 14.0509 34.1287 1.29527
46 19.9439 28.1655 1.09642
47 14.4357 20.713 1.39217
48 7.46227 24.1755 2.24929
49 10.5123 36.018 1.77661
50 6.02405 -17.3558 -1.53081
51 23.9854 31.9181 1.02703
52 10.928 36.4238 1.77661
53 -0.286875 37.1703 1.845
54 24.1654 31.7447 1.02703
55 -5.90792 6.35826 -2.63365
56 20.9519 -13.0923 -1.5126
57 24.347 31.842 1.0262
58 11.5933 36.4834 1.77661
59 -0.497553 -14.5707 -1.71767
60 -0.0623383 -7.00924 -2.02536
61 -10.132 12.5359 -3.13365
62 -15.7866 15.1468 2.66752
63 22.3954 30.0717 1.03978
64 20.9334 28.2406 1.09642
65 0.142419 -7.66494 -2.02535
66 -14.8989 29.3219 2.58822
67 -15.0283 14.5743 2.66752
68 0.646199 -7.35619 -2.02546
69 6.28937 -15.9664 -1.53072
70 5.73144 -16.4546 -1.53078
71 0.0392981 34.2037 1.85637
72 14.0265 19.0632 1.39217
73 0.131659 -13.756 -1.71767
74 28.5349 12.2764 0.401628
75 -5.64074 0.443397 -2.17338
76 13.3961 20.7587 1.39217
77 -0.21323 -14.6699 -1.71767
78 -6.42959 31.0259 1.97642
79 -6.9514 30.5502 1.97642
80 22.5279 29.2873 1.04289
81 29.4356 11.9087 0.401628
82 11.3638 35.6252 1.77661
83 21.8721 28.9947 1.04504
84 12.9365 19.965 1.39217
85 -5.38206 0.349348 -2.17338
86 23.5854 32.4284 1.02694
87 14.2405 20.9952 1.39217
88 5.91911 -10.7831 -1.61726
89 -13.6556 17.6211 2.63999
90 34.8278 21.9042 0.595294
91 -1.53684 33.914 1.85434
92 5.83153 -11.2775 -1.61726
93 -7.02494 30.5647 1.97642
94 5.11546 -11.3071 -1.61726
95 -2.22132 35.0146 1.85295
96 -0.54408 34.0541 1.85567
97 23.8878 29.2349 1.04191
98 -0.747788 -7.36525 -2.0249
99 -0.89745 36.5239 1.845
