100
Particles
0 9.25885 6.50097 -0.973188
1 12.5414 18.3609 -2.77923
2 15.4841 3.06036 -0.489021
3 7.75264 3.30873 -2.73279
4 10.5615 7.38039 0.0357428
5 6.57036 14.3147 -2.97935
6 0.695744 3.74973 -0.873675
7 12.3403 19.9145 0.760548
8 9.73627 8.19126 -1.29824
9 9.63628 3.61552 0.145421
10 10.3068 2.4154 -0.173565
11 10.6531 19.3528 -2.51022
12 7.79735 17.4457 -2.52822
13 14.4944 2.51553 -3.04143
14 3.67607 17.6718 -0.495207
15 20.2132 16.3382 0.127397
16 4.53822 4.6775 0.753655
17 16.9166 15.0124 1.70367
18 0.147053 17.4072 0.951988
19 11.3096 8.69666 -1.12472
20 4.67325 7.07968 1.10153
21 19.6856 18.4938 -0.644842
22 14.8763 11.9558 -2.92807
23 7.04197 4.95633 -0.832821
24 0.0650853 9.14381 -1.03237
25 5.04708 8.45206 -0.218722
26 1.73437 10.4767 -1.77911
27 16.3371 13.101 -2.6084
28 15.9963 6.62377 -0.202335
29 1.01402 13.5259 2.66413
30 11.7854 8.765 -0.159554
31 1.10377 8.5524 2.08284
32 8.79537 9.4274 -2.67254
33 7.63765 19.0686 -2.55295
34 13.4756 16.1466 -0.845581
35 0.599064 5.49614 -0.595768
36 20.0373 7.42244 0.623456
37 11.9792 17.8123 0.0479259
38 4.54692 5.01165 1.32622
39 4.78685 12.0995 -1.35771
40 3.52201 19.1478 1.82181
41 18.3918 2.28683 1.14199
42 11.4448 10.0786 -2.13263
43 1.81918 12.1476 0.322359
44 16.5544 6.00295 0.320285
45 2.08915 7.59777 2.58715
46 11.5263 6.30228 -0.901555
47 9.21729 15.7273 0.854965
48 6.17061 17.5997 -0.790712
49 17.559 6.88877 0.62409
50 14.4924 5.85314 -2.98136
51 8.84085 1.80764 0.674398
52 0.379438 19.7098 1.62499
53 4.35462 15.9508 1.14257
54 6.192 19.1982 -1.8008
55 5.0955 7.44666 -1.17504
56 9.67392 10.8608 -1.42244
57 11.1934 14.1225 1.54982
58 13.2932 7.24557 0.164994
59 13.1268 17.6111 0.463257
60 10.3465 20.1187 1.00732
61 12.2508 11.6849 -0.217804
62 4.49845 3.77267 -1.90895
63 1.46312 9.13027 -2.1061
64 12.645 10.0011 1.7582
65 10.4429 17.2242 -0.501587
66 13.7454 15.0578 1.0271
67 12.6912 7.18814 -0.282141
68 14.9102 15.153 -1.70839
69 10.943 16.3753 -2.25129
70 18.0167 19.8323 1.89234
71 17.406 9.71862 -2.6178
72 13.5738 18.8614 -2.12596
73 6.52202 15.9018 -2.77684
74 19.5332 6.157 1.64476
75 4.89479 4.32808 -1.52122
76 8.42313 1.84441 -1.35081
77 8.23707 16.3642 3.05281
78 9.08914 15.5589 1.75487
79 3.54579 18.4944 -1.02581
80 15.5631 13.837 2.46638
81 7.02307 10.9624 2.94642
82 5.6003 14.4269 0.6715
83 1.11815 4.26219 0.650443
84 8.07285 5.75089 0.896291
85 9.56825 1.90049 0.443205
86 1.42643 6.99297 0.753314
87 14.6349 4.84287 -1.52426
88 14.2228 14.9215 -0.935068
89 11.0653 8.21855 1.17625
90 17.0845 6.54178 1.66304
91 6.65928 10.9139 3.04362
92 16.6327 10.1793 1.00402
93 13.9596 11.4486 -2.14652
94 3.92117 5.88402 -1.16158
95 15.3729 8.00819 -1.13819
96 9.41531 -0.518713 -1.86529
97 6.4916 0.606559 -1.84168
98 9.9066 19.798 2.97438
99 12.9932 7.25896 0.649939
