100
Particles
0 10.7476 6.87061 -2.14177
1 14.2411 19.4967 -1.74442
2 14.3788 3.16603 -0.356365
3 8.92219 4.31944 -0.0447255
4 11.2306 8.67588 -0.638466
5 5.87848 14.1235 1.68355
6 1.01558 4.05485 -2.31485
7 12.1475 20.6008 -1.86424
8 9.29047 8.19624 1.40107
9 10.8765 2.4264 -1.82972
10 10.5824 2.93619 -2.45719
11 9.51189 20.2907 -0.531801
12 8.23434 16.7701 -1.38373
13 16.5281 2.65339 -0.754106
14 2.70689 16.0713 3.02523
15 20.9748 15.3415 -2.20974
16 3.21799 3.02588 -1.48148
17 17.023 14.8007 -0.352345
18 -0.456026 16.2667 -0.319471
19 11.1046 8.09616 -2.70567
20 6.9335 5.65192 -1.03211
21 18.9571 19.2383 1.79161
22 14.5058 12.6044 -1.02867
23 6.41826 4.57477 2.06382
24 -0.0851439 9.54502 2.64727
25 4.93412 7.73327 1.36088
26 1.86226 10.3298 2.21051
27 17.3003 14.1758 2.34647
28 14.3386 5.94719 1.4656
29 0.699521 12.216 -2.09338
30 10.7321 9.13169 -2.6204
31 1.79633 9.20569 3.00442
32 9.60878 9.62815 1.01316
33 7.77415 19.2016 2.12754
34 14.1435 15.779 -2.44895
35 1.39787 6.29315 0.643556
36 19.1818 7.92828 0.921865
37 11.4356 17.8147 1.83993
38 3.65882 3.12754 -3.0167
39 3.58885 11.5258 -0.859668
40 4.56815 18.8547 -2.20891
41 17.9173 0.663079 -2.758
42 10.7889 9.72281 -2.72808
43 2.27961 11.4262 -2.18231
44 17.2544 6.45676 -2.02884
45 3.57577 7.75848 -1.41223
46 10.3686 7.34659 -1.05417
47 9.17242 16.9093 0.889687
48 7.01978 17.4104 -2.33407
49 18.9744 6.03749 0.639909
50 11.9004 5.85224 1.95129
51 9.76708 2.32307 2.7248
52 2.13228 19.7857 2.69664
53 4.25501 15.7272 -0.246285
54 5.5627 21.8624 -1.96142
55 5.67374 8.05032 -2.91266
56 8.93053 10.8008 -0.424359
57 11.3189 13.2994 0.0776346
58 13.8214 7.70686 1.02765
59 13.8316 18.7574 1.28307
60 12.2742 17.8305 -1.17628
61 13.3096 13.5899 2.04867
62 4.21516 4.20433 0.877468
63 2.45905 8.59314 0.785911
64 12.8411 9.73908 -2.10132
65 10.8551 16.0181 -0.861355
66 14.0719 12.9951 -2.47717
67 10.7697 7.53313 1.55111
68 15.2349 14.9232 -2.00289
69 10.2832 15.8843 -1.60537
70 18.6823 21.0865 0.69788
71 18.1908 9.07098 1.1922
72 12.6693 17.6669 -2.09489
73 5.21591 18.2532 0.846163
74 18.1442 4.93272 -2.08242
75 4.80816 5.16078 1.20336
76 8.05752 4.00924 2.91803
77 9.84614 13.9233 2.8363
78 8.72336 15.8324 -0.743578
79 3.30481 17.6427 0.11955
80 14.9506 14.9219 -2.6973
81 8.12496 9.54376 -2.40673
82 5.2002 12.3875 -3.04747
83 1.79662 4.66674 -0.784673
84 6.48444 5.99979 -2.35187
85 10.2274 2.72806 2.93147
86 0.479274 4.60639 -1.6119
87 12.3959 3.16811 -0.673171
88 13.6262 16.8594 2.01767
89 10.0111 8.44736 -0.913156
90 17.3978 6.01382 1.00845
91 6.84674 10.5343 -1.60616
92 17.0056 9.9297 0.577573
93 13.3238 11.6038 0.946345
94 3.42241 5.49102 0.304671
95 15.7735 6.42874 -0.831967
96 10.0404 -0.585506 0.0561836
97 5.53026 0.0432506 0.12354
98 8.61694 20.468 -0.954876
99 14.679 8.19189 -2.25183
