100
Particles
0 12.7573 6.23532 -2.11086
1 12.8925 16.2719 1.68553
2 14.9992 0.574616 2.32379
3 11.748 7.93019 -2.9498
4 11.6604 9.76798 -1.64979
5 2.54844 14.2661 0.202891
6 0.0398569 5.58125 0.0392232
7 9.85789 21.286 -0.137987
8 8.88405 9.62866 -2.44217
9 11.5174 4.44185 2.67729
10 12.5393 1.45225 -1.46408
11 6.51515 20.1225 1.75749
12 9.25566 18.1667 1.35248
13 19.3147 5.51618 2.14079
14 5.14913 20.0334 -2.7371
15 21.5341 13.9544 -1.53825
16 2.44931 2.56282 -0.612646
17 17.811 17.1215 1.26802
18 -1.4329 18.5787 -1.5972
19 8.53684 9.13387 -0.10727
20 8.5163 6.54714 1.62274
21 19.368 21.3925 -0.739551
22 14.0504 13.0628 0.336525
23 5.51847 2.3298 -0.0362098
24 -1.19875 9.33673 0.549074
25 3.24248 7.94749 -1.67075
26 1.32086 7.44801 -1.78141
27 16.7607 14.508 -1.15149
28 12.6648 8.15884 0.354608
29 0.581242 12.1679 0.518134
30 8.99018 7.12124 -1.59201
31 1.15879 9.02088 -2.14178
32 9.76822 9.24059 2.27337
33 6.65346 20.9953 0.638996
34 16.7208 15.9072 -0.786305
35 4.7439 8.57521 1.51426
36 20.135 9.81222 0.767334
37 9.04133 16.7592 -2.45005
38 5.09133 2.66938 -1.64706
39 3.96348 16.8357 2.69945
40 6.22776 22.4215 -0.188747
41 22.8397 2.93063 -1.92136
42 8.69542 8.71395 -1.98557
43 -0.700737 11.9881 -2.00795
44 19.1155 5.69992 2.23253
45 1.98722 8.68717 2.97922
46 11.5906 4.85209 -2.80564
47 10.6348 16.6811 -1.2956
48 5.29969 17.7265 0.493132
49 18.6764 5.4005 -0.950992
50 11.6421 5.06101 2.08501
51 14.1841 3.00105 0.449608
52 0.117131 19.8737 2.03665
53 3.09939 14.6947 -2.12925
54 6.14686 23.3803 2.8861
55 4.38234 7.7802 -0.43185
56 9.44802 11.8052 2.83362
57 10.6457 11.1818 -0.69187
58 15.1676 9.14001 0.190419
59 12.899 22.2797 2.15016
60 11.6177 17.9943 2.40121
61 12.068 12.7664 -1.92197
62 4.97324 5.72958 0.386113
63 2.58743 10.4706 -1.65012
64 9.94953 10.7938 2.3757
65 13.2869 16.225 0.769718
66 11.8026 12.5998 1.44394
67 11.6361 9.38287 1.74737
68 15.4338 15.2438 -1.1108
69 8.70377 15.6131 1.69747
70 18.4539 24.2935 -0.993504
71 16.0541 7.93788 1.96875
72 12.9391 18.1115 -2.79212
73 4.13365 17.6658 -2.15918
74 15.5704 5.23448 -3.00976
75 5.83971 5.03165 1.55626
76 8.3623 5.14087 1.8782
77 11.5656 15.7861 0.767476
78 7.66236 17.7756 -2.98281
79 3.3029 17.9861 0.401966
80 18.4519 16.89 0.830688
81 4.53936 9.43904 2.76814
82 5.40399 11.5183 -0.420117
83 3.77261 6.13557 1.74638
84 6.77873 11.1544 2.54837
85 12.4559 2.72262 -2.69597
86 0.515335 4.32571 2.0883
87 12.1988 4.08244 0.663499
88 15.2364 20.051 -0.193053
89 8.69028 8.95334 1.9096
90 19.0477 7.53502 1.9684
91 7.58922 10.1247 2.81576
92 18.5501 9.31975 2.25235
93 16.5492 9.22265 -2.33508
94 2.62957 6.13291 0.636849
95 17.0889 6.90889 -0.209354
96 11.9378 0.0572539 0.816298
97 6.91161 -0.967883 -1.08115
98 9.88301 19.9123 0.772397
99 13.6146 9.40752 2.54507
