100
Particles
0 10.3524 7.02335 2.02299
1 13.9341 19.2871 0.467399
2 14.132 3.68442 0.916885
3 9.00286 3.68197 2.56079
4 10.9383 8.23796 -0.215865
5 6.24698 14.2349 2.33797
6 1.03605 4.05622 1.76922
7 12.2994 20.5781 0.701864
8 9.89841 8.24748 -2.16872
9 11.2339 3.42378 -2.61151
10 10.6911 3.55591 2.00284
11 9.50587 20.6443 1.27592
12 8.31717 16.6414 -1.06906
13 16.0471 2.96375 0.795932
14 3.1877 16.2202 -2.86206
15 20.5643 15.7089 0.448864
16 3.54216 3.44657 -2.84797
17 16.6289 14.7784 -1.97702
18 -0.29598 16.2153 -3.10467
19 11.5705 8.16663 -1.61229
20 6.52327 5.97333 0.538883
21 19.1758 18.6368 1.27766
22 14.6062 12.3659 2.10958
23 6.55906 4.34327 2.462
24 0.00594901 9.57624 2.83054
25 5.30096 8.01007 1.5643
26 1.96095 10.5591 0.883424
27 17.7106 13.3278 -2.03702
28 14.1572 5.27345 -2.13264
29 0.750886 12.2452 -3.04752
30 10.7278 9.07026 1.03223
31 1.85367 9.05167 -0.991377
32 8.90335 9.47694 -0.281208
33 8.2539 19.3527 2.92108
34 14.501 15.7089 -1.67412
35 0.793424 5.35015 -0.704571
36 19.4475 7.87471 -2.6792
37 11.3411 17.6229 1.80247
38 4.58768 3.3387 1.20142
39 3.47868 11.4489 -2.75628
40 4.71747 19.4758 1.80775
41 18.0626 0.932622 -2.35777
42 10.9639 9.33453 -0.791364
43 2.79138 11.6433 2.11583
44 16.8716 6.03024 3.07653
45 3.16977 7.44627 1.49453
46 10.0563 7.78399 1.98077
47 9.20215 16.8785 2.13608
48 6.70529 17.1628 -0.172928
49 18.2743 6.1345 -0.243255
50 12.4041 5.39465 3.05633
51 9.56698 2.42872 2.83602
52 2.02466 19.3294 0.690617
53 3.97952 15.7104 -0.950935
54 6.26132 21.9833 0.296076
55 6.03819 7.99516 1.41261
56 8.53488 11.027 3.11588
57 11.0052 13.8223 -2.8678
58 13.7568 7.46913 0.762765
59 14.1428 18.2064 2.88106
60 11.9667 18.9953 -2.55465
61 13.4509 12.9271 1.52394
62 4.52485 4.59058 -0.385888
63 1.82396 8.36644 2.35008
64 13.4216 10.1283 1.01234
65 11.4005 16.3615 3.02154
66 14.2669 13.2579 1.64023
67 10.5632 7.60843 -1.77221
68 15.2873 15.1079 -1.48948
69 10.8459 16.6718 -2.1981
70 18.2491 20.9146 -0.09984
71 17.5685 9.0557 -2.47368
72 13.4078 17.8992 -2.3223
73 5.41211 17.7367 -0.889488
74 18.3086 5.52492 -1.52842
75 4.78214 5.29752 -0.341914
76 8.45061 3.86678 1.92432
77 9.91526 14.7189 0.922599
78 9.01017 15.8413 0.0840374
79 3.30168 18.3378 2.75925
80 15.6476 14.6147 1.3663
81 7.91768 10.1022 -0.928394
82 5.26014 12.6531 -2.77729
83 1.64701 4.36013 -1.3626
84 7.12863 5.90841 -2.22494
85 10.102 2.40913 -2.09786
86 0.566111 4.98423 -1.72821
87 12.9431 3.66069 3.12695
88 13.2071 16.1782 1.4933
89 9.49521 8.90023 2.71266
90 16.9756 5.6309 -2.98169
91 6.7234 10.6902 1.89087
92 16.9604 9.28215 -1.55864
93 12.7806 11.6032 0.564766
94 3.30939 5.39974 -1.58864
95 15.3912 7.00482 1.30744
96 9.93876 -0.493073 0.311997
97 5.77284 0.158905 -1.65176
98 8.93674 20.7459 -0.118134
99 14.5561 8.0512 -1.02485
