100
Particles
0 9.86307 6.69202 -0.0740256
1 12.8899 18.7543 2.00953
2 15.3184 3.20949 2.18065
3 7.93932 3.48013 0.729375
4 10.9686 7.34815 0.212401
5 6.29532 14.1883 -2.6254
6 0.56449 3.76713 -1.29032
7 12.4251 20.2371 2.22168
8 10.1602 8.06392 -1.42355
9 10.1689 3.6641 -0.417955
10 10.6244 2.50202 -1.52707
11 10.2267 19.2564 2.0831
12 8.04382 17.4613 2.81227
13 14.7397 2.63952 0.100132
14 3.48019 17.2989 -1.13834
15 20.0624 16.7727 -3.05848
16 4.80904 4.89039 2.20841
17 16.8212 14.8822 0.535465
18 0.250154 17.0917 -1.03316
19 11.9167 9.04515 0.0183316
20 4.6331 7.19467 -2.95289
21 19.4611 18.8997 1.18458
22 14.8181 11.6876 -1.89937
23 7.45529 5.41572 0.0628893
24 -0.0276961 9.15813 -2.17628
25 5.29524 8.63719 0.869165
26 2.19438 10.4463 0.595185
27 16.5486 13.3397 -0.372932
28 15.6849 7.13034 1.21886
29 1.48164 13.4946 -0.614513
30 11.5556 8.89878 2.46411
31 1.35297 8.45176 -0.643572
32 8.9386 9.25971 2.33427
33 8.08889 19.0909 0.191336
34 13.5111 16.1701 -0.222544
35 0.737973 5.847 1.21486
36 19.5891 7.6383 -3.00964
37 11.5545 18.1696 2.29701
38 4.79245 5.12615 0.493621
39 4.47795 11.7009 -1.74429
40 3.59109 18.9317 -1.37374
41 18.3636 1.81613 -1.99468
42 10.8694 9.79176 -2.29032
43 1.93409 12.0234 -0.82453
44 16.828 6.03187 -2.38115
45 1.50978 7.25558 -1.94667
46 11.4703 6.61428 1.98265
47 9.27536 15.9804 0.972531
48 6.0272 17.2782 -2.1317
49 17.5507 7.04899 2.64816
50 14.1274 5.73952 -2.89986
51 8.77468 2.13877 2.14636
52 0.522026 19.8856 0.677809
53 4.14247 16.0541 2.96688
54 6.02062 19.558 -2.63463
55 5.00949 7.76237 2.38547
56 10.0187 10.8959 2.07131
57 10.9424 14.112 -0.111223
58 13.1044 6.60132 -1.21411
59 12.9445 17.7616 1.16376
60 10.7662 20.011 -1.20996
61 12.4221 12.2991 1.11198
62 4.73561 3.66501 -0.471701
63 1.64716 9.01407 2.47586
64 12.8957 9.31295 -0.920906
65 10.9284 17.0298 -0.682103
66 13.6606 15.1862 -1.39343
67 12.7478 7.12171 -0.710752
68 15.1301 14.9616 -2.48662
69 10.3934 16.2825 -2.31625
70 17.971 20.0529 1.82404
71 17.8889 9.64321 -0.252645
72 14.0169 18.8843 -0.633645
73 6.67981 16.1664 0.72019
74 19.1823 6.32616 2.21707
75 4.96283 4.56037 0.86469
76 8.36283 2.36131 0.687861
77 8.42621 15.6874 -1.01179
78 9.2622 15.7584 0.364554
79 3.30332 18.7103 2.11385
80 15.8942 13.6561 0.781625
81 6.72242 11.1405 -2.6825
82 5.1815 14.2102 -1.56222
83 0.894542 4.51943 1.70329
84 7.4915 5.77332 2.87673
85 9.87608 2.28038 1.92442
86 1.91428 6.74937 0.658919
87 14.7797 4.81374 2.35207
88 14.3349 14.7885 2.20084
89 11.0183 8.42407 0.112054
90 17.2819 6.68275 2.24602
91 6.64549 10.6846 -1.04409
92 16.7979 9.94174 0.962335
93 13.4592 11.1256 -2.72435
94 4.15895 5.55187 -1.05983
95 15.2766 7.68127 -0.941016
96 9.23584 -0.400687 -0.0413417
97 6.27111 0.577945 -0.686227
98 10.2269 19.9456 0.619832
99 13.2487 7.63058 -0.498057
