100
Particles
0 -7.88647 -19.4856 -2.02497
1 52.5823 9.64624 0.191521
2 53.9211 15.3566 -0.0482543
3 -16.5211 30.7498 2.70934
4 16.521 34.491 1.39217
5 -6.24106 -20.2772 -2.02497
6 -6.75612 -20.3629 -2.02497
7 16.253 34.909 1.39217
8 -13.1513 -12.0358 -2.17338
9 -5.70721 49.5081 1.85395
10 31.855 43.637 1.03201
11 5.77215 -25.4428 -1.61726
12 16.5752 35.0225 1.39217
13 -5.22921 48.4283 1.85396
14 17.1286 34.4284 1.39217
15 16.9551 48.5389 1.29527
16 8.27748 50.4735 1.77661
17 7.49811 50.4413 1.77661
18 -24.8117 13.0911 -3.13365
19 30.7767 42.5864 1.03208
20 -24.7684 -7.47489 -2.63252
21 -2.03042 -28.8641 -1.71767
22 7.34818 -30.7041 -1.53075
23 -29.0028 20.9572 2.66752
24 42.6173 17.4629 0.401628
25 30.9347 43.4101 1.03204
26 -6.90338 -21.3934 -2.02497
27 -2.66467 -27.7335 -1.71767
28 -5.53311 49.3456 1.85396
29 -2.88878 -28.2369 -1.71767
30 41.0648 -11.0295 -0.689808
31 41.9896 17.7508 0.401628
32 -27.0736 24.7367 2.63999
33 -13.5227 -12.6989 -2.17338
34 -30.0159 14.5937 2.69836
35 -18.965 -1.40144 -2.63365
36 30.1324 43.6774 1.03204
37 30.8485 44.1566 1.03202
38 32.4406 45.2769 1.03199
39 17.8572 48.6562 1.29527
40 -4.82707 49.3145 1.85396
41 5.10842 -26.4774 -1.61726
42 -7.63149 -20.3879 -2.02497
43 -13.7783 -13.0392 -2.17338
44 30.1629 44.6314 1.03203
45 18.0637 48.3224 1.29527
46 26.6814 41.2867 1.09642
47 17.0565 35.2283 1.39217
48 -1.79509 35.6587 2.24929
49 7.49804 50.4567 1.77661
50 6.61451 -32.094 -1.53075
51 31.565 44.5716 1.03201
52 7.91366 50.8625 1.77661
53 -4.28084 51.3693 1.845
54 31.745 44.3982 1.03201
55 -18.7957 -0.815812 -2.63365
56 21.8099 -27.8173 -1.5126
57 31.9285 44.4943 1.032
58 8.57902 50.9221 1.77661
59 -2.65619 -29.1619 -1.71767
60 -6.53372 -20.2638 -2.02497
61 -24.8816 12.4187 -3.13365
62 -28.9099 21.8804 2.66752
63 29.945 42.7431 1.03208
64 27.671 41.3618 1.09642
65 -6.32896 -20.9195 -2.02497
66 -27.4476 37.0739 2.58822
67 -28.1516 21.3079 2.66752
68 -5.82525 -20.6107 -2.02497
69 6.87988 -30.7046 -1.53075
70 6.32192 -31.1928 -1.53075
71 -4.08514 48.3653 1.85396
72 16.6473 33.5786 1.39217
73 -2.02698 -28.3472 -1.71767
74 42.1112 18.0424 0.401628
75 -14.0007 -11.7087 -2.17338
76 16.0168 35.274 1.39217
77 -2.37187 -29.2611 -1.71767
78 -12.2498 44.5791 1.97642
79 -12.7716 44.1033 1.97642
80 30.0702 41.9631 1.0321
81 43.0119 17.6748 0.401628
82 8.34946 50.0639 1.77661
83 29.4093 41.6735 1.03211
84 15.5572 34.4803 1.39217
85 -13.742 -11.8028 -2.17338
86 31.1651 45.0818 1.032
87 16.8613 35.5105 1.39217
88 5.23397 -25.5172 -1.61726
89 -26.5886 24.7134 2.63999
90 47.0406 30.1753 0.595294
91 -5.65839 48.0764 1.85396
92 5.14638 -26.0116 -1.61726
93 -12.8451 44.1179 1.97642
94 4.43032 -26.0412 -1.61726
95 -6.34089 49.1777 1.85395
96 -4.66752 48.216 1.85396
97 31.4325 41.9092 1.03209
98 -7.21886 -20.62 -2.02497
99 -4.89141 50.7229 1.845
