100
Particles
0 -12.7124 -29.3705 -2.02497
1 63.3812 11.7401 0.191521
2 64.9083 14.826 -0.0482543
3 -26.5094 35.3579 2.70934
4 18.4755 45.316 1.39217
5 -11.067 -30.1621 -2.02497
6 -11.582 -30.2478 -2.02497
7 18.2075 45.7339 1.39217
8 -19.3858 -21.0984 -2.17338
9 -8.7805 60.0701 1.85396
10 37.4989 53.0787 1.03203
11 5.26119 -36.4309 -1.61726
12 18.5296 45.8475 1.39217
13 -8.3025 58.9902 1.85396
14 19.083 45.2533 1.39217
15 19.9477 59.124 1.29527
16 6.02953 61.2413 1.77661
17 5.25016 61.2092 1.77661
18 -35.8113 13.0037 -3.13365
19 36.4204 52.0283 1.03204
20 -34.3736 -12.836 -2.63252
21 -3.64025 -39.7456 -1.71767
22 7.78855 -41.6953 -1.53075
23 -38.7896 25.9789 2.66752
24 52.742 21.7629 0.401628
25 36.5785 52.8519 1.03204
26 -11.7293 -31.2782 -2.02497
27 -4.2745 -38.6151 -1.71767
28 -8.6064 59.9075 1.85396
29 -4.49862 -39.1185 -1.71767
30 49.5498 -18.0298 -0.689808
31 52.1143 22.0509 0.401628
32 -36.7185 30.0259 2.63999
33 -19.7572 -21.7615 -2.17338
34 -39.9529 19.3111 2.69836
35 -28.5762 -6.75159 -2.63365
36 35.7762 53.1192 1.03204
37 36.4923 53.5984 1.03203
38 38.0845 54.7186 1.03203
39 20.8498 59.2413 1.29527
40 -7.90036 59.8765 1.85396
41 4.59747 -37.4655 -1.61726
42 -12.4574 -30.2728 -2.02497
43 -20.0129 -22.1018 -2.17338
44 35.8067 54.0732 1.03203
45 21.0563 58.9075 1.29527
46 31.7061 51.0721 1.09642
47 19.0109 46.0533 1.39217
48 -8.69888 44.2225 2.24929
49 5.25009 61.2245 1.77661
50 7.05488 -43.0852 -1.53075
51 37.2089 54.0134 1.03203
52 5.66572 61.6303 1.77661
53 -7.25938 61.9583 1.845
54 37.3889 53.84 1.03203
55 -28.4069 -6.16597 -2.63365
56 22.4497 -38.7987 -1.5126
57 37.5724 53.9361 1.03203
58 6.33107 61.6899 1.77661
59 -4.26602 -40.0435 -1.71767
60 -11.3596 -30.1487 -2.02497
61 -35.8812 12.3313 -3.13365
62 -38.6968 26.902 2.66752
63 35.5887 52.1849 1.03204
64 32.6957 51.1472 1.09642
65 -11.1549 -30.8044 -2.02497
66 -36.8059 42.8551 2.58822
67 -37.9385 26.3296 2.66752
68 -10.6512 -30.4956 -2.02497
69 7.32025 -41.6958 -1.53075
70 6.76229 -42.184 -1.53075
71 -7.15843 58.9272 1.85396
72 18.6017 44.4035 1.39217
73 -3.63681 -39.2288 -1.71767
74 52.2359 22.3425 0.401628
75 -20.2352 -20.7713 -2.17338
76 17.9713 46.099 1.39217
77 -3.9817 -40.1426 -1.71767
78 -16.5903 54.6865 1.97642
79 -17.1121 54.2108 1.97642
80 35.7138 51.405 1.03204
81 53.1366 21.9748 0.401628
82 6.10151 60.8318 1.77661
83 35.0529 51.1154 1.03204
84 17.5117 45.3052 1.39217
85 -19.9766 -20.8653 -2.17338
86 36.809 54.5236 1.03203
87 18.8157 46.3355 1.39217
88 4.72301 -36.5053 -1.61726
89 -36.2335 30.0026 2.63999
90 56.1484 36.3436 0.595294
91 -8.73168 58.6384 1.85396
92 4.63543 -36.9997 -1.61726
93 -17.1856 54.2253 1.97642
94 3.91936 -37.0293 -1.61726
95 -9.41418 59.7396 1.85396
96 -7.74081 58.778 1.85396
97 37.0762 51.3511 1.03204
98 -12.0448 -30.5048 -2.02497
99 -7.86996 61.3119 1.845
