100
Particles
0 12.3432 6.60417 0.968969
1 13.8218 16.3063 -2.53949
2 14.462 1.86529 -0.071025
3 10.0611 6.73006 2.62469
4 10.6983 9.95337 0.110336
5 3.21494 14.403 3.05373
6 -0.310117 5.48176 0.669284
7 10.598 20.9345 1.93469
8 8.59743 8.53289 1.72759
9 11.8454 2.78381 -0.172416
10 13.0947 1.3769 1.38708
11 8.67691 19.4288 -2.90878
12 9.49661 17.7257 1.10451
13 15.9185 4.38057 1.23455
14 3.56464 19.2702 -2.39055
15 21.77 12.9932 -0.985742
16 1.90271 3.74956 -0.454156
17 17.817 15.1788 2.85533
18 -0.573003 19.4146 -1.3889
19 8.70007 9.33668 0.757326
20 6.43465 4.93157 2.42879
21 20.099 20.4954 1.43473
22 13.3839 10.9671 -0.182354
23 6.92086 2.82476 2.18596
24 -0.302009 9.80121 0.108798
25 3.04762 8.05707 -2.35132
26 1.52137 9.32384 -1.69778
27 17.5721 14.8833 -0.85785
28 13.1093 7.86174 -0.351346
29 0.456099 11.347 -1.13273
30 11.0273 8.4295 0.485201
31 0.626102 9.66902 -1.95191
32 9.07496 10.9642 -1.326
33 6.41608 18.8367 -0.150046
34 14.707 16.8683 -1.99265
35 3.02808 5.28077 1.64243
36 19.3117 9.38677 1.75235
37 10.6213 19.1408 -1.47626
38 4.03888 4.41234 -0.01985
39 5.54941 14.498 1.2337
40 4.27639 20.6458 0.272738
41 19.6293 2.10241 2.74401
42 10.8786 8.90048 1.34908
43 0.268378 12.6467 -0.265217
44 18.3336 7.05803 -2.28912
45 2.06289 9.16906 -1.36907
46 10.066 4.55848 -2.76651
47 9.58168 17.2811 -0.679479
48 5.73812 17.1161 2.09747
49 17.2463 5.08832 -1.42705
50 10.7651 5.40689 -2.11735
51 13.0971 3.77499 0.259097
52 1.30974 20.4396 1.6878
53 1.20916 16.2765 -1.04214
54 7.19774 22.6776 -1.33721
55 4.18007 8.50375 2.0253
56 7.79831 10.1416 2.06415
57 11.078 14.2721 1.48935
58 15.2627 10.7976 2.53793
59 14.105 20.2704 3.10439
60 11.6562 16.8729 -1.61369
61 11.9841 13.05 2.06588
62 3.70847 6.14485 1.55999
63 2.41693 8.59779 -2.93304
64 10.2057 10.0251 -1.19425
65 12.2718 16.0513 -0.268848
66 14.0932 11.3757 2.8857
67 10.3857 8.15913 -0.353332
68 16.0837 15.4022 -0.403476
69 10.5484 15.9458 2.15989
70 18.4312 21.9757 3.01793
71 19.2417 7.91082 0.791118
72 14.4427 15.9689 -1.26939
73 4.78305 18.0164 -0.24825
74 17.1541 5.35548 1.82512
75 5.05013 4.24565 -1.42139
76 7.68977 3.49062 -2.46996
77 10.0348 15.0362 -1.77739
78 8.76786 17.5316 -0.814252
79 3.34749 17.905 -2.13207
80 18.2201 14.8692 -1.16426
81 6.40456 10.1476 0.612521
82 5.3547 12.5034 -2.92729
83 2.87957 7.33325 -0.75925
84 6.19085 9.90443 0.752565
85 10.8314 1.95972 2.2975
86 0.171594 4.1672 1.50214
87 13.6954 3.49619 -0.0362794
88 15.9973 19.5788 -2.32051
89 9.45259 9.50023 2.56313
90 18.9491 7.31118 1.32426
91 8.39965 10.762 0.976169
92 17.6798 10.8947 -0.510257
93 14.7348 11.2152 -0.623228
94 2.29617 6.94242 2.07671
95 15.5019 7.68429 -2.76454
96 11.1972 -0.562018 1.31957
97 5.86207 -0.815295 1.34425
98 8.58107 20.2953 0.79031
99 14.4046 9.15877 2.85755
