100
Particles
0 12.1689 7.45718 -0.136835
1 13.6425 17.3432 -2.51145
2 14.0495 3.98554 -1.01431
3 10.0224 6.16145 0.754716
4 10.5389 9.5126 -2.83619
5 4.23616 14.3976 0.91355
6 -0.612551 4.44968 2.66514
7 11.3614 20.432 -1.83078
8 9.22737 8.33313 2.81611
9 11.7559 3.12838 1.34289
10 12.3097 1.43157 0.600386
11 8.34721 18.8031 2.32465
12 9.14333 17.1204 -0.158263
13 16.6233 3.80258 2.03922
14 4.00157 18.1978 0.465454
15 21.2076 13.922 3.01416
16 2.12635 3.13885 1.31049
17 17.53 15.2402 2.42598
18 -0.96135 18.5747 -1.96292
19 8.42631 8.51432 -2.75112
20 5.92653 4.3048 -2.19751
21 20.6888 19.7941 2.44196
22 13.8416 11.9506 3.0873
23 6.64788 3.07187 2.29963
24 -1.26286 9.78398 -3.08039
25 4.01715 7.091 -1.10389
26 0.849328 9.99752 2.33586
27 17.6013 14.9009 -0.356449
28 13.2981 7.27475 0.603511
29 0.635439 11.2014 1.19018
30 10.9954 8.53326 -1.34609
31 1.76602 9.13687 1.62254
32 9.77876 10.4239 -2.8947
33 6.71377 19.5552 -0.175159
34 15.0433 15.8876 -2.05664
35 1.7445 5.69106 2.42042
36 18.417 9.24261 -1.20192
37 11.9126 18.4522 -1.60749
38 4.15752 3.81346 2.1488
39 4.94466 13.8027 -0.192646
40 4.64898 19.9818 1.93623
41 18.9842 1.98858 2.36169
42 12.0549 8.87371 2.16985
43 0.994087 11.4897 2.92801
44 18.5518 6.90273 2.78915
45 2.46471 9.62498 2.1521
46 10.0573 5.62671 0.452625
47 8.83347 17.0151 -0.697743
48 5.7404 16.0871 -2.4009
49 18.2274 5.31619 2.52059
50 11.4203 6.47058 -0.536732
51 11.4939 3.43474 2.83408
52 1.01929 20.0706 -2.12009
53 2.06811 16.3021 -1.74098
54 6.09485 23.1947 1.5935
55 4.86919 8.48187 2.91281
56 8.83562 9.9027 -0.47129
57 11.151 14.6741 -1.38416
58 16.2888 9.87291 2.39211
59 14.3997 19.2031 0.696365
60 12.2018 16.8345 0.762376
61 12.1283 13.1962 -0.133422
62 4.36389 6.0377 2.66227
63 2.65054 8.98764 0.083491
64 10.0939 11.0683 -2.9879
65 12.4563 16.6361 2.47371
66 13.2352 10.7568 -0.317031
67 10.2483 7.18792 -0.907351
68 16.3846 14.7024 -0.928481
69 9.69715 14.4238 2.19345
70 20.0532 21.5309 0.223236
71 18.6346 8.25079 -2.19495
72 14.2858 17.3977 -0.206235
73 3.75058 18.5354 -0.940471
74 17.5504 4.39485 3.06991
75 5.12263 4.95356 -1.90677
76 7.07083 4.23372 1.04201
77 10.8405 15.8466 -2.32036
78 9.01343 16.6681 -1.94613
79 3.91705 17.1774 1.78032
80 18.0965 14.9162 -0.58504
81 5.82197 10.0041 -2.53947
82 5.58441 12.7229 1.32642
83 2.91972 5.92772 0.0941944
84 5.42515 9.29905 1.91551
85 10.0917 2.69577 1.92032
86 0.777256 3.67306 -1.92922
87 14.2558 2.28478 1.93298
88 16.1375 19.3563 -0.795912
89 8.55557 7.18031 0.134551
90 18.5195 6.89093 -0.660768
91 8.65839 10.2686 -0.364007
92 18.4172 11.409 -2.94401
93 13.7875 11.1198 -1.28068
94 2.26159 7.07334 -2.34017
95 15.1083 6.55602 -0.0208243
96 11.3956 -1.11944 0.402929
97 6.02312 -0.504009 1.67038
98 8.82246 19.758 -0.672672
99 14.7092 8.45182 2.43704
