100
Particles
0 9.73118 6.77139 -1.41307
1 12.8957 18.7625 -2.7554
2 15.0092 3.7358 1.18086
3 7.70774 3.81395 -1.24296
4 11.2001 8.19212 1.41336
5 6.2133 13.6766 -1.77575
6 1.57593 3.66345 -0.0306914
7 12.5167 20.9533 2.9321
8 9.71011 7.56446 2.80087
9 10.7099 3.82434 -0.314939
10 10.1037 2.36089 2.89622
11 9.90892 20.0705 0.402154
12 8.15808 17.7062 -1.88231
13 15.4378 2.4024 0.157331
14 3.84092 17.356 2.22258
15 20.9249 16.1447 -0.973345
16 4.4715 4.87594 2.84983
17 16.5527 14.7104 -0.43416
18 0.232113 16.6518 -0.953898
19 11.6192 9.04613 -1.94039
20 5.40045 6.38658 -1.2427
21 19.3778 18.7486 0.709098
22 14.827 11.8293 -2.53832
23 7.34182 5.36384 0.708182
24 -0.297611 9.15319 -1.09885
25 5.07423 7.67676 -1.92413
26 2.41763 10.6212 0.971252
27 16.8325 13.105 -1.89435
28 14.7573 6.31825 -0.031861
29 0.860231 12.7867 2.75084
30 11.4622 8.66816 2.20087
31 1.90289 8.46344 0.172658
32 8.99919 10.4933 1.07947
33 8.59429 19.5811 0.00772933
34 13.7005 15.1292 -2.05801
35 -0.312369 5.67563 2.89203
36 19.6137 7.48131 2.52318
37 11.4041 18.8942 -1.59559
38 4.69817 4.20727 -2.06927
39 4.42423 11.7105 -0.0200129
40 3.56268 19.0075 -2.94782
41 18.2096 1.10262 -1.57574
42 11.1739 10.0795 -0.080646
43 2.6266 10.9426 -2.33285
44 16.9015 6.29867 0.887779
45 2.34662 7.70247 -2.77452
46 10.501 6.83716 1.97619
47 10.3172 16.0081 -1.41897
48 5.88089 17.678 -2.62519
49 18.3458 6.45483 2.57183
50 13.7498 5.45209 0.12904
51 8.94359 1.85795 -1.49017
52 1.19792 19.6028 -0.775735
53 3.79308 16.2141 2.70875
54 6.09535 20.7169 1.80671
55 5.73284 8.08998 -0.438858
56 8.92636 10.4779 2.73701
57 10.9922 14.8125 -2.45961
58 12.9355 6.99745 1.15218
59 13.6856 18.1723 1.24696
60 10.8668 19.5891 -0.110387
61 12.0812 12.1594 0.330968
62 4.92923 4.30383 1.88141
63 1.70969 8.78988 -1.98758
64 13.3253 8.79691 0.326924
65 11.8828 17.0184 -2.8614
66 14.5122 14.3169 0.779905
67 11.9369 7.60219 -2.73209
68 14.6797 15.1831 2.79122
69 10.8468 16.6508 2.68709
70 17.4115 20.7056 0.872116
71 17.3348 10.0248 3.08742
72 14.1166 18.3247 -2.26818
73 6.08573 16.8741 2.97879
74 18.5145 6.18081 -1.9692
75 5.10391 5.06462 1.99189
76 8.27251 3.00331 2.7828
77 8.45938 15.0899 2.31348
78 8.96305 15.4657 -0.0640357
79 3.31714 18.6052 -2.37847
80 15.5981 13.4636 2.78468
81 7.03386 11.1557 0.0138821
82 5.68829 13.9271 0.0163879
83 1.58355 4.61971 -0.0927586
84 7.19864 6.13167 0.610724
85 10.0575 2.18919 -2.22297
86 1.25202 6.48672 -1.01507
87 13.703 4.25971 2.56022
88 14.6758 15.1165 -0.597719
89 10.2817 8.61254 1.60819
90 17.3283 6.33856 1.99313
91 6.42129 11.1564 -0.227022
92 17.2536 10.5955 1.47458
93 12.6721 10.9784 2.85924
94 3.23962 5.86413 -2.85057
95 15.1645 6.88677 -1.12473
96 8.98686 -0.17924 3.35413
97 6.09707 0.533202 -2.86099
98 9.55554 20.748 2.66668
99 14.0467 8.21316 0.86792
