100
Particles
0 11.6452 6.48656 -0.760803
1 13.4338 19.2992 -1.7548
2 14.09 3.91971 -1.34383
3 10.668 4.79357 -2.68055
4 10.465 8.74962 -1.76051
5 5.69598 14.3708 0.944805
6 -0.685198 3.69313 2.78402
7 11.6245 19.9151 0.663232
8 8.70215 7.97416 1.76185
9 11.9335 1.96135 -2.03565
10 11.2019 3.02209 -1.24814
11 8.59436 18.9779 -2.09574
12 7.9174 16.4139 -0.70602
13 16.5147 3.00064 2.56814
14 3.38982 18.1764 1.93526
15 21.0314 14.2543 -2.10649
16 2.27157 2.85261 2.35323
17 16.8384 15.3238 3.07868
18 -0.272977 17.9833 1.65285
19 9.54322 7.67344 -0.030484
20 6.43354 4.682 2.74113
21 19.9567 18.7111 -0.532744
22 15.0466 13.1475 -2.72671
23 5.75363 3.7479 0.698562
24 -0.787501 10.1992 -2.25596
25 5.61392 8.41365 -0.34541
26 1.01911 10.9708 -0.566807
27 17.6056 15.274 2.82386
28 14.6836 6.0965 2.20736
29 0.72203 12.0035 -1.18082
30 10.7322 8.63963 1.89085
31 1.93764 8.37597 2.58074
32 8.37575 9.88587 0.164208
33 6.64931 19.3631 2.43169
34 14.2717 15.8449 -1.1583
35 0.822665 4.83252 1.65615
36 19.4285 8.67832 -0.222722
37 11.5481 17.3727 1.83489
38 4.28394 3.86449 0.531651
39 5.49219 13.26 0.310287
40 4.30307 19.1472 -2.51343
41 18.4798 1.35757 0.925617
42 11.2534 8.47635 -2.35583
43 2.01156 11.5733 -0.378067
44 18.2224 7.98646 0.576518
45 3.51996 7.99366 -2.64229
46 9.75988 6.427 -2.53347
47 8.77802 16.9412 2.52166
48 6.18196 16.1768 -0.43485
49 18.2479 6.41888 -2.03722
50 12.7527 6.53079 -1.97115
51 10.5261 3.38347 2.30484
52 1.07366 19.4547 0.23381
53 3.21651 15.6043 -2.93026
54 6.2183 22.7221 1.39205
55 6.38145 7.60237 -0.241279
56 9.33443 9.76427 -0.993282
57 10.9145 14.5154 0.0614198
58 15.4646 8.73539 -1.96338
59 14.1104 18.0933 -1.39853
60 11.5963 16.9065 -0.784647
61 12.1898 13.1477 2.45628
62 5.06818 4.70774 1.30888
63 1.84635 8.06578 -0.863034
64 11.5714 9.85719 2.1918
65 11.2991 15.9308 1.17302
66 13.8391 12.42 -2.52641
67 11.022 7.26442 -2.86292
68 15.6269 15.5466 -2.60149
69 9.46331 14.2448 0.193155
70 19.3323 21.6856 -2.57025
71 18.3206 8.96317 0.504529
72 13.3886 17.2915 -1.29614
73 3.35865 18.9168 2.59454
74 17.8208 4.98052 1.07624
75 5.21913 5.08786 -2.85815
76 7.01945 4.27242 -2.8235
77 9.97592 14.2591 2.40757
78 9.2447 16.4517 -2.3751
79 3.47589 17.2689 2.81744
80 16.1749 14.0465 -0.480197
81 6.96139 10.8049 -1.97793
82 5.29135 12.5313 -2.31268
83 3.01205 5.27297 -0.668616
84 5.91397 7.62423 1.23718
85 10.7704 2.65285 -1.05719
86 0.792841 4.11479 0.147667
87 13.1439 2.35402 0.146746
88 14.7723 18.563 2.22912
89 9.01014 7.93272 2.88003
90 19.1284 6.96374 1.00767
91 7.28295 11.0482 2.48093
92 17.9967 11.2442 -1.12957
93 13.5622 11.581 -1.98823
94 3.15252 6.94034 -0.547193
95 15.6196 6.36812 -0.818857
96 10.634 -2.40257 2.76273
97 7.3374 0.436237 -2.00109
98 8.97083 20.5749 -2.74087
99 14.9973 8.31467 -0.197108
