100
Particles
0 2.9299 12.1854 -1.76022
1 19.4494 3.22186 0.191521
2 20.2104 16.9846 -0.0482543
3 13.6357 17.9384 -2.00311
4 11.7451 2.09942 1.33721
5 9.14181 9.70928 2.76983
6 8.34048 9.81086 -1.17151
7 7.93262 2.99519 -0.590773
8 5.31474 16.1076 -2.10727
9 0.850278 16.6161 1.60854
10 14.4291 14.7513 1.32661
11 9.08966 6.79903 2.73894
12 8.93177 2.46799 1.41684
13 6.30416 17.4367 2.58166
14 18.0087 6.67826 -2.86542
15 7.77312 16.062 1.41187
16 16.7443 18.2355 2.15256
17 10.833 18.8281 0.525555
18 8.72206 13.7663 -2.17681
19 17.2862 13.279 2.31166
20 4.70194 8.97384 2.39232
21 3.47802 4.1594 -2.48337
22 7.34195 0.553596 2.96302
23 0.0905881 4.81867 1.56648
24 15.0613 0.318525 1.05208
25 13.7177 14.4167 1.49979
26 7.81536 8.95797 -1.47658
27 3.15286 5.12809 -2.74749
28 1.15195 16.4743 1.60854
29 1.23521 4.50599 -1.4723
30 15.0311 10.4486 -0.689808
31 10.4626 9.8643 -1.24181
32 2.51878 8.50856 2.63999
33 4.23493 15.1343 -0.854223
34 0.472905 0.119627 2.69836
35 10.524 15.0138 2.20577
36 12.8744 14.7132 1.25551
37 13.3447 15.3186 1.15312
38 15.5663 16.2292 1.46357
39 8.68007 16.1779 1.15855
40 8.31039 19.7265 2.76
41 5.01822 6.66095 -2.05559
42 5.54419 9.59731 1.11654
43 4.83511 9.63769 -1.37418
44 10.508 17.8017 0.651014
45 8.8749 15.8474 1.3835
46 11.0111 11.4134 0.978414
47 13.1833 4.95141 -2.29366
48 19.387 9.3836 2.24929
49 10.8027 18.8419 0.525555
50 9.67975 1.06231 -1.87285
51 13.8489 15.8596 0.812825
52 15.6742 18.3806 0.883742
53 5.21661 19.438 -2.98788
54 14.1288 15.6214 0.812825
55 10.6933 15.5994 -1.18989
56 19.8468 5.87557 -1.5126
57 14.3833 15.6749 1.10366
58 17.2641 19.0629 -1.69024
59 1.3019 3.21865 1.63322
60 8.79256 9.7571 -2.04126
61 8.65869 12.2765 2.19271
62 1.11177 8.08277 -2.6598
63 13.7932 13.1953 1.18707
64 12.5243 11.2196 1.21442
65 8.97556 9.11738 -1.58755
66 1.26549 19.3363 2.58822
67 1.67782 5.75978 2.92714
68 9.65703 9.26796 2.85832
69 5.09703 2.3438 -2.42504
70 2.43963 0.20952 0.638098
71 8.71747 17.6087 2.356
72 14.8472 1.51015 1.68802
73 3.78616 4.50081 -2.74749
74 10.5969 10.1229 0.763262
75 4.48611 16.4541 -2.10727
76 6.74494 4.45857 0.171492
77 2.80846 3.95947 -2.23777
78 1.36553 13.958 3.00296
79 0.330322 13.0517 1.53441
80 13.7438 12.529 1.18707
81 15.6122 0.328345 1.05208
82 16.6803 17.6938 2.15256
83 12.4342 13.2484 -0.183083
84 6.04796 3.94896 0.171492
85 4.77403 16.3398 -2.10727
86 13.3548 19.2534 -1.09945
87 8.9984 3.01558 1.41684
88 7.66276 7.98183 -2.47984
89 3.00378 8.48522 2.63999
90 19.0961 11.2499 0.595294
91 1.73453 17.3437 0.412558
92 6.78472 7.65754 -1.04685
93 0.25679 13.0662 1.53441
94 4.185 6.99426 0.733779
95 0.189925 16.28 1.60854
96 7.91701 17.3392 2.356
97 16.8531 11.6368 1.22939
98 7.12486 9.74157 -1.93321
99 3.65037 18.5227 0.394692
