100
Particles
0 12.4371 7.08439 -0.932631
1 13.1332 16.2502 -1.74619
2 15.3448 0.788145 -0.0179575
3 11.4571 7.70528 -2.57819
4 11.2768 10.8941 -2.4613
5 2.5473 14.3288 -2.65667
6 -0.152047 5.29464 0.734408
7 8.96114 21.2166 1.20132
8 9.221 10.3981 3.08903
9 12.2037 4.14905 0.780988
10 12.3096 1.99745 -2.55578
11 6.79491 19.9529 -1.0835
12 9.24079 17.7189 3.10953
13 18.6285 4.82024 -0.197326
14 4.62904 20.4161 2.2439
15 21.978 14.2499 1.62514
16 2.60418 2.47095 -1.51474
17 17.6543 16.5394 -3.07777
18 -1.54338 18.7345 -2.66887
19 8.06734 9.32577 2.46175
20 8.2424 6.30252 -2.92668
21 19.6663 21.0305 -1.26189
22 13.7319 12.3576 0.21965
23 5.28446 2.33361 0.674989
24 -1.93166 9.72499 -1.74328
25 3.16572 7.41011 -0.0840046
26 1.36152 7.73528 -2.94583
27 17.0572 14.3941 2.33422
28 11.7493 8.36732 -1.79549
29 0.371468 12.1028 2.40757
30 9.68762 7.09202 1.03479
31 1.04293 9.67649 -1.79426
32 9.96667 9.38182 1.86251
33 5.79551 20.9783 2.49712
34 16.9097 16.5908 -0.676695
35 4.51892 7.81348 1.44901
36 20.5059 9.58695 -2.20064
37 9.36764 16.7632 -1.01093
38 5.47992 3.80215 -0.902691
39 4.2969 16.576 1.06398
40 6.00734 22.5487 1.56251
41 23.3818 2.67871 -2.26735
42 8.52865 9.31279 -1.99982
43 0.0374639 11.8926 -1.62199
44 19.9719 5.56117 2.5379
45 1.91187 8.15171 -0.394259
46 11.2802 5.32894 1.91623
47 9.49559 17.2956 -1.49654
48 4.47637 18.3698 -1.31386
49 18.2653 5.43369 -0.404404
50 11.0052 4.75927 1.27057
51 13.646 3.32539 3.06757
52 0.610665 19.0376 2.02172
53 2.54077 15.1271 2.43243
54 6.36434 24.2133 -1.65378
55 4.22231 8.5795 -1.72695
56 9.22307 11.3825 -0.787878
57 10.0534 11.7909 -2.69444
58 14.5423 9.85182 0.0475841
59 13.2089 22.2561 -0.861505
60 12.3084 17.1971 -2.95832
61 12.4989 13.2346 1.36622
62 4.28599 5.58745 -2.31047
63 2.28758 10.1034 2.65901
64 10.3603 10.5842 1.98639
65 12.88 16.5864 -0.200144
66 12.1817 12.128 -1.27432
67 11.9567 8.91103 2.04018
68 14.9922 15.453 -0.487524
69 8.83473 15.0923 2.469
70 17.7357 24.1192 -0.984157
71 16.5857 7.20521 -1.93036
72 13.196 18.0946 3.10502
73 4.06288 18.5267 1.56134
74 16.3138 5.59624 2.61666
75 4.97187 5.02589 1.74727
76 8.73371 4.71931 1.69539
77 11.1935 15.2376 -1.64114
78 8.10081 17.9261 -0.0832294
79 2.95118 17.6093 -0.214221
80 18.0917 16.2461 1.25159
81 5.2929 9.89003 -2.67298
82 4.78982 11.922 2.53204
83 3.90427 5.83081 -0.895346
84 6.69687 10.7089 2.55922
85 12.5565 2.5375 -0.182678
86 0.759049 3.77473 1.53316
87 12.1781 4.11095 0.917453
88 15.1846 20.2821 0.277949
89 8.65165 8.46203 0.455123
90 19.039 7.40816 0.128007
91 8.40497 9.90481 2.96375
92 18.8442 8.98924 -2.86154
93 16.9205 9.93626 -0.434211
94 2.57023 5.64719 2.16798
95 17.2828 6.26974 -1.16661
96 11.6071 -0.29889 -0.511227
97 6.33644 -1.23569 1.16682
98 9.384 19.9522 2.9007
99 13.6435 9.4485 1.41051
