100
Particles
0 -11.9446 -27.7979 -2.02497
1 61.6632 11.407 0.191521
2 63.1603 14.9105 -0.0482543
3 -24.9203 34.6248 2.70934
4 18.1646 43.5938 1.39217
5 -10.2992 -28.5895 -2.02497
6 -10.8143 -28.6752 -2.02497
7 17.8965 44.0118 1.39217
8 -18.3939 -19.6567 -2.17338
9 -8.29157 58.3898 1.85396
10 36.601 51.5766 1.03203
11 5.34248 -34.6828 -1.61726
12 18.2187 44.1254 1.39217
13 -7.81357 57.3099 1.85396
14 18.7721 43.5312 1.39217
15 19.4716 57.44 1.29527
16 6.38716 59.5282 1.77661
17 5.60779 59.4961 1.77661
18 -34.0614 13.0176 -3.13365
19 35.5226 50.5262 1.03204
20 -32.8455 -11.9831 -2.63252
21 -3.38414 -38.0145 -1.71767
22 7.71849 -39.9467 -1.53075
23 -37.2326 25.18 2.66752
24 51.1313 21.0788 0.401628
25 35.6806 51.3498 1.03204
26 -10.9615 -29.7056 -2.02497
27 -4.01839 -36.8839 -1.71767
28 -8.11747 58.2272 1.85396
29 -4.24251 -37.3873 -1.71767
30 48.1999 -16.9161 -0.689808
31 50.5036 21.3668 0.401628
32 -35.1841 29.1845 2.63999
33 -18.7653 -20.3197 -2.17338
34 -38.372 18.5606 2.69836
35 -27.0472 -5.90043 -2.63365
36 34.8783 51.6171 1.03204
37 35.5944 52.0963 1.03203
38 37.1866 53.2165 1.03203
39 20.3737 57.5573 1.29527
40 -7.41143 58.1961 1.85396
41 4.67876 -35.7174 -1.61726
42 -11.6897 -28.7002 -2.02497
43 -19.021 -20.6601 -2.17338
44 34.9088 52.5711 1.03203
45 20.5802 57.2235 1.29527
46 30.9067 49.5153 1.09642
47 18.7 44.3312 1.39217
48 -7.60055 42.86 2.24929
49 5.60772 59.5115 1.77661
50 6.98482 -41.3366 -1.53075
51 36.311 52.5113 1.03203
52 6.02334 59.9173 1.77661
53 -6.78552 60.2737 1.845
54 36.491 52.3379 1.03203
55 -26.8779 -5.31481 -2.63365
56 22.348 -37.0516 -1.5126
57 36.6745 52.434 1.03203
58 6.6887 59.9769 1.77661
59 -4.00991 -38.3123 -1.71767
60 -10.5919 -28.5761 -2.02497
61 -34.1313 12.3452 -3.13365
62 -37.1398 26.1031 2.66752
63 34.6909 50.6828 1.03204
64 31.8963 49.5904 1.09642
65 -10.3871 -29.2318 -2.02497
66 -35.3171 41.9353 2.58822
67 -36.3815 25.5307 2.66752
68 -9.88341 -28.923 -2.02497
69 7.25019 -39.9472 -1.53075
70 6.69223 -40.4354 -1.53075
71 -6.66949 57.2469 1.85396
72 18.2908 42.6814 1.39217
73 -3.3807 -37.4976 -1.71767
74 50.6251 21.6584 0.401628
75 -19.2434 -19.3295 -2.17338
76 17.6603 44.3768 1.39217
77 -3.72559 -38.4115 -1.71767
78 -15.8997 53.0785 1.97642
79 -16.4216 52.6028 1.97642
80 34.816 49.9029 1.03204
81 51.5259 21.2907 0.401628
82 6.45914 59.1187 1.77661
83 34.1551 49.6133 1.03204
84 17.2007 43.5831 1.39217
85 -18.9847 -19.4236 -2.17338
86 35.9111 53.0215 1.03203
87 18.5048 44.6133 1.39217
88 4.8043 -34.7572 -1.61726
89 -34.6991 29.1611 2.63999
90 54.6994 35.3622 0.595294
91 -8.24275 56.9581 1.85396
92 4.71671 -35.2516 -1.61726
93 -16.4951 52.6173 1.97642
94 4.00065 -35.2812 -1.61726
95 -8.92525 58.0593 1.85396
96 -7.25188 57.0977 1.85396
97 36.1783 49.849 1.03204
98 -11.277 -28.9322 -2.02497
99 -7.3961 59.6273 1.845
