100
Particles
0 -2.9509 -9.37607 -2.02492
1 41.538 7.50478 0.191521
2 42.6842 15.8993 -0.0482543
3 -6.30581 26.0371 2.70934
4 14.5221 23.42 1.39217
5 -1.30545 -10.1677 -2.02498
6 -1.82052 -10.2534 -2.02497
7 14.2541 23.838 1.39217
8 -6.77503 -2.76728 -2.17338
9 -2.56422 38.7061 1.85385
10 26.0801 33.9823 1.0308
11 6.29471 -14.2049 -1.61726
12 14.5763 23.9515 1.39217
13 -2.08603 37.6263 1.85399
14 15.1297 23.3574 1.39217
15 13.8945 37.7133 1.29527
16 10.5765 39.4609 1.77661
17 9.79715 39.4287 1.77661
18 -13.562 13.1805 -3.13365
19 25.0103 32.9267 1.03446
20 -14.945 -1.99198 -2.63252
21 -0.383999 -17.7352 -1.71767
22 6.8978 -19.4632 -1.53075
23 -18.9935 15.8214 2.66752
24 32.2625 13.065 0.401628
25 25.1632 33.7533 1.0323
26 -1.96777 -11.2839 -2.02497
27 -1.01825 -16.6046 -1.71767
28 -2.39008 38.5435 1.85388
29 -1.24237 -17.108 -1.71767
30 32.3869 -3.87015 -0.689808
31 31.6348 13.353 0.401628
32 -17.2095 19.3273 2.63999
33 -7.14641 -3.43034 -2.17338
34 -19.8529 9.76899 2.69836
35 -9.13533 4.07032 -2.63365
36 24.3615 34.0204 1.03251
37 25.0747 34.5012 1.03132
38 26.6637 35.6234 1.02996
39 14.7966 37.8305 1.29527
40 -1.68402 38.5125 1.85389
41 5.63099 -15.2395 -1.61726
42 -2.6959 -10.2784 -2.02495
43 -7.40211 -3.77069 -2.17338
44 24.3905 34.9752 1.0319
45 15.0031 37.4967 1.29527
46 21.5426 31.279 1.09642
47 15.0576 24.1573 1.39217
48 5.26561 26.9003 2.24929
49 9.79707 39.4441 1.77661
50 6.16413 -20.853 -1.53075
51 25.7895 34.9173 1.03055
52 10.2127 39.8499 1.77661
53 -1.23459 40.5396 1.845
54 25.9695 34.7439 1.03055
55 -8.96604 4.65594 -2.63365
56 21.1555 -16.5863 -1.5126
57 26.1524 34.8403 1.03031
58 10.8781 39.9095 1.77661
59 -1.00977 -18.033 -1.71767
60 -1.59812 -10.1543 -2.02498
61 -13.6319 12.5081 -3.13365
62 -18.9006 16.7446 2.66752
63 24.1783 33.0835 1.03433
64 22.5322 31.3541 1.09642
65 -1.39335 -10.81 -2.02498
66 -17.8765 31.1614 2.58822
67 -18.1423 16.1721 2.66752
68 -0.889643 -10.5012 -2.02498
69 6.4295 -19.4636 -1.53075
70 5.87154 -19.9518 -1.53075
71 -0.941611 37.5634 1.85423
72 14.6484 22.5076 1.39217
73 -0.38056 -17.2184 -1.71767
74 31.7564 13.6446 0.401628
75 -7.62445 -2.44015 -2.17338
76 14.0179 24.203 1.39217
77 -0.725449 -18.1322 -1.71767
78 -7.81065 34.2419 1.97642
79 -8.33247 33.7662 1.97642
80 24.3055 32.3023 1.03525
81 32.6571 13.2769 0.401628
82 10.6485 39.0514 1.77661
83 23.6462 32.0118 1.03589
84 13.5583 23.4093 1.39217
85 -7.36578 -2.5342 -2.17338
86 25.3896 35.4275 1.03053
87 14.8624 24.4395 1.39217
88 5.75653 -14.2794 -1.61726
89 -16.7245 19.304 2.63999
90 37.7257 23.8668 0.595294
91 -2.51519 37.2745 1.854
92 5.66895 -14.7737 -1.61726
93 -8.406 33.7807 1.97642
94 4.95288 -14.8033 -1.61726
95 -3.19791 38.3756 1.85384
96 -1.52411 37.4141 1.85415
97 25.6672 32.2488 1.03494
98 -2.28326 -10.5105 -2.02497
99 -1.84517 39.8931 1.845
