100
Particles
0 -2.6219 -8.70208 -2.02486
1 40.8017 7.36202 0.191521
2 41.9351 15.9355 -0.0482543
3 -5.62479 25.7229 2.70934
4 14.3889 22.6819 1.39217
5 -0.976402 -9.49374 -2.02499
6 -1.49148 -9.57944 -2.02497
7 14.1209 23.0999 1.39217
8 -6.34995 -2.14938 -2.17338
9 -2.35477 37.9859 1.85379
10 25.6944 33.3391 1.03043
11 6.32955 -13.4557 -1.61726
12 14.443 23.2135 1.39217
13 -1.87646 36.9062 1.854
14 14.9964 22.6193 1.39217
15 13.6904 36.9915 1.29527
16 10.7298 38.7267 1.77661
17 9.95042 38.6946 1.77661
18 -12.8121 13.1865 -3.13365
19 24.6272 32.2819 1.03518
20 -14.2901 -1.62645 -2.63252
21 -0.274238 -16.9933 -1.71767
22 6.86778 -18.7138 -1.53075
23 -18.3262 15.479 2.66752
24 31.5722 12.7719 0.401628
25 24.7786 33.1095 1.03238
26 -1.63873 -10.6099 -2.02498
27 -0.908494 -15.8627 -1.71767
28 -2.1806 37.8234 1.85384
29 -1.13261 -16.3661 -1.71767
30 31.8083 -3.39286 -0.689808
31 30.9445 13.0598 0.401628
32 -16.5519 18.9667 2.63999
33 -6.72133 -2.81244 -2.17338
34 -19.1754 9.44734 2.69836
35 -8.48002 4.4351 -2.63365
36 23.977 33.3764 1.03266
37 24.6894 33.8578 1.03111
38 26.2774 34.9805 1.02934
39 14.5925 37.1088 1.29527
40 -1.47453 37.7923 1.85386
41 5.66583 -14.4903 -1.61726
42 -2.36688 -9.60441 -2.02491
43 -6.97703 -3.15278 -2.17338
44 24.0056 34.3315 1.03186
45 14.799 36.775 1.29527
46 21.2 30.6118 1.09642
47 14.9243 23.4193 1.39217
48 5.73632 26.3165 2.24929
49 9.95034 38.7099 1.77661
50 6.13411 -20.1036 -1.53075
51 25.4037 34.2742 1.03011
52 10.366 39.1157 1.77661
53 -1.03151 39.8176 1.845
54 25.5836 34.1008 1.03011
55 -8.31073 5.02072 -2.63365
56 21.1119 -15.8376 -1.5126
57 25.7664 34.1973 1.02979
58 11.0313 39.1753 1.77661
59 -0.900011 -17.2911 -1.71767
60 -1.26907 -9.48034 -2.02499
61 -12.8819 12.5141 -3.13365
62 -18.2333 16.4022 2.66752
63 23.7951 32.4388 1.03501
64 22.1896 30.6869 1.09642
65 -1.06431 -10.136 -2.02499
66 -17.2385 30.7672 2.58822
67 -17.475 15.8298 2.66752
68 -0.560595 -9.82725 -2.02499
69 6.39948 -18.7142 -1.53075
70 5.84152 -19.2024 -1.53075
71 -0.731838 36.8433 1.85439
72 14.5151 21.7695 1.39217
73 -0.270799 -16.4764 -1.71767
74 31.0661 13.3514 0.401628
75 -7.19937 -1.82225 -2.17338
76 13.8847 23.4649 1.39217
77 -0.615688 -17.3903 -1.71767
78 -7.51471 33.5528 1.97642
79 -8.03653 33.077 1.97642
80 23.923 31.6572 1.03621
81 31.9668 12.9838 0.401628
82 10.8018 38.3172 1.77661
83 23.2641 31.3664 1.03704
84 13.4251 22.6712 1.39217
85 -6.9407 -1.9163 -2.17338
86 25.0037 34.7844 1.03008
87 14.7291 23.7015 1.39217
88 5.79137 -13.5302 -1.61726
89 -16.0669 18.9434 2.63999
90 37.1048 23.4463 0.595294
91 -2.30561 36.5543 1.85402
92 5.70379 -14.0245 -1.61726
93 -8.11006 33.0916 1.97642
94 4.98772 -14.0542 -1.61726
95 -2.98847 37.6555 1.85377
96 -1.3144 36.694 1.85426
97 25.2844 31.6038 1.03581
98 -1.95422 -9.83649 -2.02497
99 -1.64209 39.1712 1.845
