100
Particles
0 0.811651 1.13664 -1.76022
1 30.4937 5.36332 0.191521
2 31.4473 16.4419 -0.0482543
3 3.90948 21.3243 2.70934
4 12.5233 12.349 1.39217
5 3.69223 -0.0889292 -2.03725
6 3.16671 -0.169471 -2.03725
7 12.2552 12.767 1.39217
8 -0.398796 6.50127 -2.17338
9 0.384052 27.8552 1.68341
10 20.1959 24.3944 0.999671
11 6.81728 -2.96704 -1.61726
12 12.5774 12.8805 1.39217
13 1.15002 26.8541 1.9776
14 13.1308 12.2864 1.39218
15 10.8339 26.8876 1.29527
16 12.8756 28.4483 1.77661
17 12.0962 28.4162 1.77661
18 -2.3124 13.2699 -3.13365
19 19.4578 23.1445 1.10307
20 -5.12151 3.49093 -2.63252
21 1.26242 -6.60634 -1.71767
22 6.22027 -8.23956 -1.44559
23 -8.98416 10.6856 2.66752
24 21.9077 8.66722 0.401628
25 19.3832 24.1018 1.0217
26 3.02665 -1.20348 -2.03725
27 0.628163 -5.47575 -1.71767
28 0.618609 27.7062 1.7289
29 0.404051 -5.97914 -1.71767
30 23.709 3.28923 -0.689808
31 21.28 8.95515 0.401624
32 -7.34535 13.918 2.63999
33 -0.770179 5.83821 -2.17338
34 -9.69002 4.94431 2.69836
35 0.694344 9.54207 -2.63365
36 18.5561 24.3845 1.00077
37 19.2087 24.9023 0.997777
38 20.7332 26.0644 0.994036
39 11.736 27.0048 1.29527
40 1.38167 27.6889 1.85948
41 6.15356 -4.00168 -1.61726
42 2.2358 -0.168315 -2.03725
43 -1.02588 5.49787 -2.17339
44 18.5438 25.3646 0.99333
45 11.9424 26.671 1.29527
46 16.4038 21.2712 1.09642
47 13.0587 13.0864 1.39217
48 12.3263 18.142 2.24929
49 12.0961 28.4315 1.77661
50 6.33311 -9.67838 -1.87285
51 19.8852 25.342 0.993754
52 12.5117 28.8373 1.77661
53 1.81165 29.7098 1.845
54 20.0651 25.1686 0.993754
55 0.863631 10.1277 -2.63365
56 20.5011 -5.35538 -1.5126
57 20.2373 25.2718 0.993862
58 13.1771 28.8969 1.77661
59 0.636646 -6.90416 -1.71767
60 3.39782 -0.074666 -2.03725
61 -2.38227 12.5975 -3.13365
62 -8.89132 11.6088 2.66752
63 18.6418 23.294 1.12971
64 17.3933 21.3463 1.09642
65 3.60276 -0.73045 -2.03725
66 -8.30553 25.2488 2.58822
67 -8.13299 11.0364 2.66752
68 4.10804 -0.422437 -2.03725
69 5.79442 -8.23677 -1.44559
70 5.34279 -8.72019 -1.44559
71 2.56836 26.8896 2.03481
72 12.6495 11.4366 1.39219
73 1.26586 -6.08948 -1.71767
74 21.4016 9.24679 0.401628
75 -1.24822 6.8284 -2.17338
76 12.019 13.132 1.39216
77 0.920969 -7.00333 -1.71767
78 -3.37151 23.9048 1.97642
79 -3.89333 23.429 1.97642
80 18.8238 22.4824 1.1328
81 22.3023 8.87912 0.401632
82 12.9475 28.0388 1.77661
83 18.2095 22.1682 1.14208
84 11.5594 12.3383 1.39216
85 -0.989544 6.73435 -2.17338
86 19.4825 25.8539 0.993753
87 12.8635 13.3685 1.39216
88 6.2791 -3.04151 -1.61726
89 -6.86034 13.8946 2.63999
90 28.4109 17.5584 0.595294
91 0.786112 26.5256 2.00782
92 6.19152 -3.53587 -1.61726
93 -3.96686 23.4436 1.97642
94 5.47545 -3.56549 -1.61726
95 -0.2763 27.5192 1.68341
96 1.90487 26.7094 2.02081
97 20.6198 22.2375 1.22939
98 2.70121 -0.425183 -2.03725
99 1.20107 29.0634 1.845
