100
Particles
0 14.0882 6.00931 3.0382
1 15.5913 16.2095 -2.25499
2 15.6995 0.302555 -3.21342
3 14.3529 8.27995 1.84555
4 9.87839 9.1227 1.15275
5 1.88343 13.0402 -1.22895
6 -0.469811 5.27016 0.976535
7 10.7152 20.0965 -2.83393
8 9.8015 8.07072 1.70172
9 11.0556 5.88556 -1.8304
10 11.4273 3.70221 1.95966
11 8.67325 17.7428 -2.39384
12 9.70198 18.1567 1.04268
13 20.709 5.4735 -2.62203
14 6.00275 18.8875 -1.03604
15 25.2937 12.5548 -1.1728
16 1.02432 3.29304 -0.556139
17 16.0013 19.0878 1.58242
18 -1.14414 19.777 1.60278
19 7.49442 8.553 -3.11611
20 8.67361 6.86341 3.01817
21 18.9625 20.1999 3.05228
22 13.0975 9.4317 -0.577522
23 5.46683 2.09588 1.20456
24 -0.754582 10.4465 -1.21837
25 3.22891 11.3697 0.865395
26 1.83268 8.54206 0.918593
27 15.0821 14.1495 1.63498
28 12.0591 9.85143 1.90641
29 -1.67457 13.6895 -0.902673
30 8.94791 9.20788 3.01118
31 1.31838 9.19572 0.192322
32 8.54595 9.11533 0.0138267
33 8.54954 20.1824 1.8968
34 18.1364 14.4972 -2.90827
35 3.07756 6.22692 2.70484
36 19.5306 11.6484 2.08813
37 9.02411 16.6676 -1.44269
38 7.20822 -0.0110825 -1.64077
39 2.00783 17.9136 -1.02144
40 7.02309 21.4102 -1.60473
41 24.5842 2.71836 1.04795
42 9.63642 7.8066 1.41809
43 -2.82704 12.0285 0.466308
44 20.8075 3.22596 2.88187
45 3.01402 8.6713 -0.905516
46 12.2549 5.43648 0.0744889
47 12.2459 14.3451 -0.0994514
48 4.80308 20.8537 1.55881
49 19.9086 6.71005 2.9586
50 13.5768 5.42452 -1.47684
51 14.0149 3.16734 -1.176
52 1.19554 20.6906 -2.21319
53 3.1026 12.9972 -2.26006
54 5.75259 25.4761 0.635389
55 3.63623 8.95965 -2.10317
56 9.47879 14.2484 -0.263516
57 11.9619 8.45176 2.54138
58 14.1155 9.07275 -1.60466
59 13.8141 21.6401 2.09705
60 9.70903 16.7971 -0.225816
61 13.8661 13.5897 0.77868
62 5.51708 4.54642 0.96578
63 2.60431 12.1544 0.00813779
64 9.15248 11.0318 1.28159
65 13.2444 16.9094 -1.79
66 13.4356 13.1888 0.749602
67 9.48636 8.92344 -2.82658
68 14.7457 15.9225 -0.203499
69 9.07315 15.9153 2.34684
70 18.0964 22.3083 0.603718
71 17.0829 6.7265 1.03501
72 13.8241 19.2411 -0.587951
73 4.47012 13.7874 -1.21296
74 15.4257 4.87568 2.32225
75 8.43437 4.89172 0.113623
76 6.86819 7.00779 -1.27876
77 13.0593 15.4637 0.232562
78 7.7122 18.5324 2.2537
79 4.7018 17.3992 -1.44602
80 18.1469 13.5272 -1.85789
81 -0.165969 9.95867 -2.96455
82 4.76421 12.288 2.01588
83 4.03983 7.04242 -1.98525
84 6.3242 12.3537 1.44774
85 12.7916 2.73735 1.53876
86 1.62359 5.30564 2.96661
87 12.3256 3.98127 -2.09377
88 17.2091 19.1072 0.773772
89 7.73964 9.57144 -0.802107
90 19.4567 8.7211 1.08177
91 7.17591 10.2148 0.217096
92 20.9892 9.76852 0.16758
93 16.9154 9.30609 0.779796
94 2.84953 9.11482 -2.90988
95 17.2602 8.30872 1.45148
96 12.0042 1.85753 2.19179
97 7.94913 -0.960246 -1.18519
98 8.56383 20.3112 2.6928
99 13.2124 11.3751 1.89044
