100
Particles
0 -5.47351 -14.5432 -2.02497
1 47.1829 8.59931 0.191521
2 48.4275 15.6219 -0.0482543
3 -11.527 28.4458 2.70934
4 15.5438 29.0785 1.39217
5 -3.8281 -15.3348 -2.02497
6 -4.34316 -15.4205 -2.02497
7 15.2758 29.4965 1.39217
8 -10.034 -7.50455 -2.17338
9 -4.17057 44.2271 1.85395
10 29.0328 38.9163 1.03187
11 6.02762 -19.9487 -1.61726
12 15.5979 29.6101 1.39217
13 -3.69256 43.1473 1.85396
14 16.1514 29.0159 1.39217
15 15.4588 43.2464 1.29527
16 9.40146 45.0895 1.77661
17 8.62208 45.0574 1.77661
18 -19.3119 13.1349 -3.13365
19 27.9555 37.8651 1.03236
20 -19.9658 -4.79436 -2.63252
21 -1.2255 -23.4233 -1.71767
22 7.128 -25.2085 -1.53075
23 -24.1093 18.4464 2.66752
24 37.555 15.3128 0.401628
25 28.1128 38.6891 1.03207
26 -4.49042 -16.4509 -2.02497
27 -1.85976 -22.2927 -1.71767
28 -3.99647 44.0646 1.85395
29 -2.08387 -22.7961 -1.71767
30 36.8222 -7.52938 -0.689808
31 36.9273 15.6007 0.401628
32 -22.2511 22.0921 2.63999
33 -10.4054 -8.1676 -2.17338
34 -25.0473 12.2349 2.69836
35 -14.1594 1.27364 -2.63365
36 27.3107 38.9564 1.0321
37 28.0264 39.4358 1.03194
38 29.6181 40.5563 1.03175
39 16.3609 43.3636 1.29527
40 -3.29043 44.0335 1.85395
41 5.3639 -20.9833 -1.61726
42 -5.21853 -15.4455 -2.02497
43 -10.6611 -8.50795 -2.17338
44 27.341 39.9105 1.03202
45 16.5674 43.0298 1.29527
46 24.1691 36.3941 1.09642
47 16.0792 29.8159 1.39217
48 1.65681 31.3768 2.24929
49 8.62201 45.0727 1.77661
50 6.39432 -26.5984 -1.53075
51 28.7427 39.851 1.03183
52 9.03764 45.4786 1.77661
53 -2.79156 46.0747 1.845
54 28.9227 39.6776 1.03183
55 -13.9901 1.85927 -2.63365
56 21.49 -22.3266 -1.5126
57 29.1061 39.7737 1.0318
58 9.70299 45.5382 1.77661
59 -1.85127 -23.7211 -1.71767
60 -4.12076 -15.3214 -2.02497
61 -19.3817 12.4624 -3.13365
62 -24.0165 19.3695 2.66752
63 27.1238 38.0218 1.03235
64 25.1587 36.4692 1.09642
65 -3.916 -15.9771 -2.02497
66 -22.7684 34.1833 2.58822
67 -23.2582 18.7971 2.66752
68 -3.41229 -15.6683 -2.02497
69 6.6597 -25.209 -1.53075
70 6.10174 -25.6972 -1.53075
71 -2.54848 43.0843 1.85396
72 15.67 28.1661 1.39217
73 -1.22206 -22.9064 -1.71767
74 37.0488 15.8924 0.401628
75 -10.8834 -7.17742 -2.17338
76 15.0396 29.8615 1.39217
77 -1.56695 -23.8203 -1.71767
78 -10.0795 39.5254 1.97642
79 -10.6014 39.0496 1.97642
80 27.2491 37.2417 1.03247
81 37.9496 15.5247 0.401628
82 9.47344 44.68 1.77661
83 26.5885 36.952 1.03256
84 14.58 29.0678 1.39217
85 -10.6247 -7.27146 -2.17338
86 28.3428 40.3611 1.03183
87 15.884 30.098 1.39217
88 5.48944 -20.0232 -1.61726
89 -21.7661 22.0688 2.63999
90 42.4867 27.0912 0.595294
91 -4.12175 42.7955 1.85396
92 5.40186 -20.5175 -1.61726
93 -10.6749 39.0641 1.97642
94 4.68579 -20.5471 -1.61726
95 -4.80425 43.8967 1.85395
96 -3.13087 42.9351 1.85396
97 28.6114 37.1878 1.03243
98 -4.8059 -15.6775 -2.02497
99 -3.40214 45.4283 1.845
