100
Particles
0 -13.8092 -31.617 -2.02497
1 65.8355 12.216 0.191521
2 67.4054 14.7055 -0.0482543
3 -28.7795 36.4052 2.70934
4 18.9197 47.7762 1.39217
5 -12.1638 -32.4086 -2.02497
6 -12.6788 -32.4943 -2.02497
7 18.6517 48.1942 1.39217
8 -20.8027 -23.1581 -2.17338
9 -9.47898 62.4705 1.85396
10 38.7816 55.2246 1.03203
11 5.14506 -38.9282 -1.61726
12 18.9738 48.3077 1.39217
13 -9.00097 61.3907 1.85396
14 19.5272 47.7136 1.39217
15 20.6278 61.5297 1.29527
16 5.51864 63.6886 1.77661
17 4.73926 63.6564 1.77661
18 -38.3113 12.9839 -3.13365
19 37.7031 54.1741 1.03204
20 -36.5566 -14.0544 -2.63252
21 -4.00612 -42.2187 -1.71767
22 7.88863 -44.1933 -1.53075
23 -41.0139 27.1202 2.66752
24 55.0431 22.7402 0.401628
25 37.8612 54.9977 1.03204
26 -12.8261 -33.5248 -2.02497
27 -4.64037 -41.0881 -1.71767
28 -9.30488 62.308 1.85396
29 -4.86449 -41.5915 -1.71767
30 51.4782 -19.6208 -0.689808
31 54.4154 23.0282 0.401628
32 -38.9106 31.228 2.63999
33 -21.1741 -23.8212 -2.17338
34 -42.2114 20.3833 2.69836
35 -30.7606 -7.96754 -2.63365
36 37.0589 55.2651 1.03204
37 37.775 55.7443 1.03203
38 39.3671 56.8645 1.03203
39 21.5299 61.647 1.29527
40 -8.59884 62.2769 1.85396
41 4.48134 -39.9628 -1.61726
42 -13.5542 -32.5193 -2.02497
43 -21.4298 -24.1615 -2.17338
44 37.0894 56.219 1.03203
45 21.7364 61.3132 1.29527
46 32.848 53.296 1.09642
47 19.4551 48.5135 1.39217
48 -10.2679 46.1688 2.24929
49 4.73919 63.6718 1.77661
50 7.15496 -45.5832 -1.53075
51 38.4916 56.1593 1.03203
52 5.15482 64.0776 1.77661
53 -7.93633 64.3649 1.845
54 38.6715 55.9858 1.03203
55 -30.5913 -7.38192 -2.63365
56 22.5952 -41.2944 -1.5126
57 38.8551 56.0819 1.03203
58 5.82017 64.1372 1.77661
59 -4.63189 -42.5166 -1.71767
60 -12.4564 -32.3952 -2.02497
61 -38.3811 12.3114 -3.13365
62 -40.9211 28.0433 2.66752
63 36.8714 54.3308 1.03204
64 33.8376 53.3711 1.09642
65 -12.2517 -33.0509 -2.02497
66 -38.9328 44.169 2.58822
67 -40.1628 27.4709 2.66752
68 -11.748 -32.7421 -2.02497
69 7.42033 -44.1938 -1.53075
70 6.86237 -44.682 -1.53075
71 -7.8569 61.3277 1.85396
72 19.0459 46.8637 1.39217
73 -4.00268 -41.7019 -1.71767
74 54.5369 23.3198 0.401628
75 -21.6522 -22.831 -2.17338
76 18.4155 48.5592 1.39217
77 -4.34757 -42.6157 -1.71767
78 -17.5768 56.9836 1.97642
79 -18.0986 56.5079 1.97642
80 36.9965 53.5509 1.03204
81 55.4377 22.9521 0.401628
82 5.59062 63.279 1.77661
83 36.3356 53.2613 1.03204
84 17.9559 47.7655 1.39217
85 -21.3935 -22.925 -2.17338
86 38.0917 56.6694 1.03203
87 19.2599 48.7957 1.39217
88 4.60688 -39.0026 -1.61726
89 -38.4255 31.2047 2.63999
90 58.2183 37.7454 0.595294
91 -9.43016 61.0388 1.85396
92 4.5193 -39.497 -1.61726
93 -18.1721 56.5224 1.97642
94 3.80323 -39.5266 -1.61726
95 -10.1127 62.1401 1.85396
96 -8.43929 61.1784 1.85396
97 38.3589 53.4969 1.03204
98 -13.1416 -32.7514 -2.02497
99 -8.5469 63.7185 1.845
