100
Particles
0 11.2182 7.42083 0.158062
1 14.2044 19.59 2.99299
2 14.5298 4.13511 1.80628
3 10.0067 4.49511 2.23391
4 10.5485 8.95765 1.73561
5 5.7443 14.002 -0.0155633
6 -0.26254 3.41813 -1.68879
7 11.7774 19.804 1.164
8 9.01249 8.05483 -1.58456
9 11.251 2.49585 3.05725
10 10.5518 2.91677 -1.07891
11 9.31305 19.6333 -0.760278
12 7.52388 17.1703 -0.862095
13 17.1795 2.8246 -1.76265
14 3.53962 17.1862 -2.42121
15 20.7027 14.9996 0.695681
16 2.94467 2.88143 2.95504
17 17.9102 15.0716 0.521794
18 -0.438845 17.1565 2.03446
19 9.57758 8.31691 -0.391716
20 6.97091 4.80992 -2.905
21 19.5873 18.7137 0.978491
22 15.488 13.1561 -0.0699707
23 5.94355 3.69309 -2.35846
24 -0.313013 9.98524 0.483482
25 5.40568 8.84718 -1.17146
26 1.05378 11.5833 1.7336
27 18.4197 14.3289 -0.92877
28 15.3521 6.31474 0.599524
29 0.626445 12.4607 0.742793
30 10.8377 9.52438 0.136984
31 2.03365 8.54759 2.57239
32 8.53543 9.68332 -0.639418
33 6.73863 19.258 -2.83332
34 13.8531 15.4801 2.17776
35 0.0609428 4.49378 -2.76932
36 19.0849 8.08533 2.70625
37 12.1298 17.656 1.8231
38 4.18962 2.88785 -2.2724
39 4.85105 12.7414 -0.802828
40 4.66997 19.1668 1.84451
41 17.4514 0.622104 -1.13463
42 11.6119 9.50765 0.987434
43 2.11988 11.317 0.619863
44 18.3182 7.63431 -1.22406
45 3.85683 7.94727 -0.0124145
46 10.1916 7.05689 2.38983
47 8.85724 16.3171 1.79681
48 6.62346 16.5168 2.94305
49 18.6013 5.79639 1.6795
50 12.1134 6.37605 0.890461
51 10.2893 3.6574 -1.4493
52 1.49078 18.8723 -2.90504
53 4.12874 16.1746 -0.124957
54 5.71288 22.1378 1.33358
55 5.89589 8.39456 2.51342
56 9.1746 9.53859 -0.589449
57 11.189 14.8355 2.26637
58 15.5323 8.5625 0.577202
59 14.236 18.3105 1.52694
60 12.2183 17.5854 -1.28599
61 12.49 13.1896 2.795
62 4.79474 4.95639 0.513509
63 1.82942 8.11772 3.00794
64 12.0698 9.60509 -0.147534
65 10.7185 16.0963 1.82916
66 13.7846 12.4553 -0.0836581
67 11.5649 7.16103 -2.10193
68 15.543 15.6391 2.393
69 9.22071 15.1564 3.13102
70 19.7075 21.1066 0.585716
71 17.7419 8.82149 0.0929712
72 13.5292 17.8817 -0.53611
73 3.71099 18.7618 1.56913
74 18.2478 4.26987 1.04592
75 5.40424 4.74193 -0.397275
76 7.61835 4.6713 3.0484
77 9.89192 14.2508 -1.00688
78 9.66946 16.4315 1.70863
79 3.47899 17.2216 0.761016
80 16.016 14.593 -1.53946
81 7.22972 10.4314 2.07306
82 4.40893 12.4536 -1.25263
83 2.76985 4.93892 0.839555
84 5.71528 7.27572 1.72344
85 10.8258 3.63124 2.11
86 1.28479 3.95161 -2.12677
87 13.0655 1.84495 -0.139068
88 14.4796 18.7353 -1.2284
89 9.71703 8.00935 -2.98891
90 19.5076 6.80731 -0.90768
91 7.33286 11.3874 2.13826
92 17.0914 10.6283 0.563112
93 13.9424 11.7369 1.58269
94 2.8899 6.88536 -2.50484
95 16.0694 6.34273 1.27218
96 10.4802 -2.04188 -1.32576
97 7.05261 0.775638 -0.475521
98 8.93334 20.4498 0.426249
99 13.9204 7.83439 -1.00981
