100
Particles
0 -9.53167 -22.8554 -2.02497
1 56.2637 10.3601 0.191521
2 57.6667 15.1757 -0.0482543
3 -19.9262 32.3208 2.70934
4 17.1873 38.1813 1.39217
5 -7.88626 -23.6471 -2.02497
6 -8.40132 -23.7328 -2.02497
7 16.9193 38.5993 1.39217
8 -15.2767 -15.1254 -2.17338
9 -6.75493 53.1088 1.85396
10 33.7791 46.8557 1.03203
11 5.59796 -29.1887 -1.61726
12 17.2415 38.7129 1.39217
13 -6.27692 52.029 1.85396
14 17.7949 38.1187 1.39217
15 17.9753 52.1475 1.29527
16 7.51114 54.1443 1.77661
17 6.73176 54.1122 1.77661
18 -28.5616 13.0614 -3.13365
19 32.7007 45.8053 1.03205
20 -28.0429 -9.30252 -2.63252
21 -2.57922 -32.5737 -1.71767
22 7.49831 -34.4511 -1.53075
23 -32.3392 22.6692 2.66752
24 46.0689 18.9288 0.401628
25 32.8587 46.6289 1.03204
26 -8.54858 -24.7632 -2.02497
27 -3.21348 -31.4431 -1.71767
28 -6.58082 52.9462 1.85396
29 -3.43759 -31.9465 -1.71767
30 43.9574 -13.416 -0.689808
31 45.4412 19.2167 0.401628
32 -30.3616 26.5399 2.63999
33 -15.6481 -15.7884 -2.17338
34 -33.4035 16.2019 2.69836
35 -22.2416 -3.22535 -2.63365
36 32.0564 46.8962 1.03204
37 32.7725 47.3754 1.03203
38 34.3646 48.4956 1.03202
39 18.8774 52.2647 1.29527
40 -5.87478 52.9152 1.85396
41 4.93423 -30.2233 -1.61726
42 -9.27669 -23.7578 -2.02497
43 -15.9038 -16.1288 -2.17338
44 32.0869 47.8502 1.03203
45 19.0839 51.9309 1.29527
46 28.3944 44.6226 1.09642
47 17.7227 38.9187 1.39217
48 -4.14865 38.5782 2.24929
49 6.73169 54.1275 1.77661
50 6.76463 -35.841 -1.53075
51 33.4891 47.7904 1.03203
52 7.14732 54.5333 1.77661
53 -5.29625 54.9792 1.845
54 33.6691 47.617 1.03203
55 -22.0723 -2.63973 -2.63365
56 22.028 -31.5609 -1.5126
57 33.8526 47.7131 1.03203
58 7.81267 54.5929 1.77661
59 -3.205 -32.8715 -1.71767
60 -8.17892 -23.6337 -2.02497
61 -28.6314 12.3889 -3.13365
62 -32.2464 23.5923 2.66752
63 31.869 45.9619 1.03205
64 29.384 44.6977 1.09642
65 -7.97416 -24.2894 -2.02497
66 -30.6379 39.0448 2.58822
67 -31.488 23.0199 2.66752
68 -7.47045 -23.9806 -2.02497
69 7.03001 -34.4516 -1.53075
70 6.47205 -34.9398 -1.53075
71 -5.13285 51.9659 1.85396
72 17.3135 37.2689 1.39217
73 -2.57578 -32.0569 -1.71767
74 45.5628 19.5084 0.401628
75 -16.1261 -14.7982 -2.17338
76 16.6831 38.9643 1.39217
77 -2.92067 -32.9707 -1.71767
78 -13.7295 48.0248 1.97642
79 -14.2513 47.549 1.97642
80 31.9941 45.182 1.03205
81 46.4635 19.1407 0.401628
82 7.58312 53.7348 1.77661
83 31.3332 44.8924 1.03206
84 16.2235 38.1706 1.39217
85 -15.8674 -14.8923 -2.17338
86 33.0892 48.3006 1.03203
87 17.5276 39.2008 1.39217
88 5.05978 -29.2632 -1.61726
89 -29.8766 26.5165 2.63999
90 50.1455 32.2781 0.595294
91 -6.70611 51.6771 1.85396
92 4.97219 -29.7575 -1.61726
93 -14.3249 47.5636 1.97642
94 4.25613 -29.7872 -1.61726
95 -7.3886 52.7783 1.85396
96 -5.71524 51.8167 1.85396
97 33.3565 45.128 1.03205
98 -8.86407 -23.9898 -2.02497
99 -5.90683 54.3328 1.845
