100
Particles
0 -13.4802 -30.9431 -2.02497
1 65.0992 12.0732 0.191521
2 66.6563 14.7416 -0.0482543
3 -28.0984 36.091 2.70934
4 18.7864 47.0381 1.39217
5 -11.8347 -31.7347 -2.02497
6 -12.3498 -31.8204 -2.02497
7 18.5184 47.4561 1.39217
8 -20.3777 -22.5402 -2.17338
9 -9.26944 61.7504 1.85396
10 38.3968 54.5808 1.03203
11 5.1799 -38.179 -1.61726
12 18.8406 47.5697 1.39217
13 -8.79143 60.6706 1.85396
14 19.394 46.9755 1.39217
15 20.4238 60.808 1.29527
16 5.6719 62.9544 1.77661
17 4.89253 62.9222 1.77661
18 -37.5613 12.9898 -3.13365
19 37.3183 53.5304 1.03204
20 -35.9017 -13.6889 -2.63252
21 -3.89636 -41.4768 -1.71767
22 7.85861 -43.4439 -1.53075
23 -40.3466 26.7778 2.66752
24 54.3528 22.447 0.401628
25 37.4763 54.354 1.03204
26 -12.4971 -32.8508 -2.02497
27 -4.53061 -40.3462 -1.71767
28 -9.09533 61.5878 1.85396
29 -4.75472 -40.8496 -1.71767
30 50.8997 -19.1435 -0.689808
31 53.725 22.735 0.401628
32 -38.2529 30.8674 2.63999
33 -20.7491 -23.2033 -2.17338
34 -41.5338 20.0616 2.69836
35 -30.1053 -7.60276 -2.63365
36 36.6741 54.6213 1.03204
37 37.3902 55.1005 1.03203
38 38.9823 56.2207 1.03203
39 21.3259 60.9252 1.29527
40 -8.38929 61.5568 1.85396
41 4.51618 -39.2136 -1.61726
42 -13.2252 -31.8454 -2.02497
43 -21.0047 -23.5436 -2.17338
44 36.7046 55.5753 1.03203
45 21.5324 60.5915 1.29527
46 32.5055 52.6288 1.09642
47 19.3219 47.7755 1.39217
48 -9.79721 45.5849 2.24929
49 4.89246 62.9376 1.77661
50 7.12494 -44.8338 -1.53075
51 38.1068 55.5155 1.03203
52 5.30809 63.3434 1.77661
53 -7.73324 63.643 1.845
54 38.2867 55.3421 1.03203
55 -29.936 -7.01713 -2.63365
56 22.5515 -40.5457 -1.5126
57 38.4703 55.4382 1.03203
58 5.97344 63.403 1.77661
59 -4.52213 -41.7746 -1.71767
60 -12.1274 -31.7213 -2.02497
61 -37.6312 12.3174 -3.13365
62 -40.2538 27.7009 2.66752
63 36.4866 53.687 1.03204
64 33.495 52.7039 1.09642
65 -11.9226 -32.377 -2.02497
66 -38.2947 43.7748 2.58822
67 -39.4955 27.1285 2.66752
68 -11.4189 -32.0682 -2.02497
69 7.39031 -43.4444 -1.53075
70 6.83235 -43.9326 -1.53075
71 -7.64736 60.6075 1.85396
72 18.9127 46.1257 1.39217
73 -3.89292 -40.96 -1.71767
74 53.8466 23.0266 0.401628
75 -21.2271 -22.2131 -2.17338
76 18.2822 47.8211 1.39217
77 -4.23781 -41.8738 -1.71767
78 -17.2808 56.2945 1.97642
79 -17.8026 55.8188 1.97642
80 36.6117 52.9071 1.03204
81 54.7474 22.659 0.401628
82 5.74389 62.5449 1.77661
83 35.9508 52.6175 1.03204
84 17.8226 47.0274 1.39217
85 -20.9684 -22.3071 -2.17338
86 37.7069 56.0257 1.03203
87 19.1267 48.0576 1.39217
88 4.64172 -38.2535 -1.61726
89 -37.7679 30.844 2.63999
90 57.5973 37.3249 0.595294
91 -9.22062 60.3187 1.85396
92 4.55414 -38.7478 -1.61726
93 -17.8762 55.8333 1.97642
94 3.83807 -38.7774 -1.61726
95 -9.90311 61.4199 1.85396
96 -8.22975 60.4583 1.85396
97 37.9741 52.8532 1.03204
98 -12.8125 -32.0774 -2.02497
99 -8.34382 62.9965 1.845
