100
Particles
0 -8.10583 -19.9349 -2.02497
1 53.0731 9.74142 0.191521
2 54.4205 15.3325 -0.0482543
3 -16.9751 30.9593 2.70934
4 16.6099 34.983 1.39217
5 -6.46042 -20.7265 -2.02497
6 -6.97548 -20.8122 -2.02497
7 16.3419 35.401 1.39217
8 -13.4347 -12.4478 -2.17338
9 -5.84691 49.9882 1.85396
10 32.1116 44.0661 1.03201
11 5.74892 -25.9422 -1.61726
12 16.664 35.5146 1.39217
13 -5.3689 48.9084 1.85396
14 17.2174 34.9204 1.39217
15 17.0911 49.0201 1.29527
16 8.1753 50.9629 1.77661
17 7.39593 50.9308 1.77661
18 -25.3117 13.0872 -3.13365
19 31.0333 43.0156 1.03208
20 -25.205 -7.71857 -2.63252
21 -2.10359 -29.3587 -1.71767
22 7.3682 -31.2037 -1.53075
23 -29.4476 21.1855 2.66752
24 43.0775 17.6583 0.401628
25 31.1912 43.8393 1.03204
26 -7.12274 -21.8427 -2.02497
27 -2.73785 -28.2281 -1.71767
28 -5.67281 49.8257 1.85396
29 -2.96196 -28.7315 -1.71767
30 41.4504 -11.3477 -0.689808
31 42.4498 17.9462 0.401628
32 -27.512 24.9772 2.63999
33 -13.806 -13.1108 -2.17338
34 -30.4675 14.8081 2.69836
35 -19.4019 -1.64463 -2.63365
36 30.389 44.1066 1.03204
37 31.105 44.5858 1.03202
38 32.6971 45.706 1.032
39 17.9932 49.1373 1.29527
40 -4.96677 49.7946 1.85396
41 5.0852 -26.9769 -1.61726
42 -7.85085 -20.8372 -2.02497
43 -14.0617 -13.4512 -2.17338
44 30.4195 45.0606 1.03203
45 18.1997 48.8035 1.29527
46 26.9098 41.7315 1.09642
47 17.1453 35.7204 1.39217
48 -2.1089 36.048 2.24929
49 7.39586 50.9461 1.77661
50 6.63452 -32.5936 -1.53075
51 31.8215 45.0008 1.03201
52 7.81149 51.3519 1.77661
53 -4.41622 51.8506 1.845
54 32.0015 44.8274 1.03201
55 -19.2326 -1.059 -2.63365
56 21.839 -28.3164 -1.5126
57 32.185 44.9235 1.03201
58 8.47684 51.4115 1.77661
59 -2.72936 -29.6565 -1.71767
60 -6.75308 -20.7131 -2.02497
61 -25.3815 12.4147 -3.13365
62 -29.3548 22.1086 2.66752
63 30.2016 43.1723 1.03207
64 27.8994 41.8066 1.09642
65 -6.54832 -21.3688 -2.02497
66 -27.8729 37.3367 2.58822
67 -28.5964 21.5362 2.66752
68 -6.04461 -21.06 -2.02497
69 6.8999 -31.2042 -1.53075
70 6.34194 -31.6924 -1.53075
71 -4.22483 48.8454 1.85396
72 16.7361 34.0706 1.39217
73 -2.10015 -28.8418 -1.71767
74 42.5714 18.2379 0.401628
75 -14.2841 -12.1206 -2.17338
76 16.1057 35.766 1.39217
77 -2.44504 -29.7557 -1.71767
78 -12.4471 45.0385 1.97642
79 -12.9689 44.5628 1.97642
80 30.3267 42.3923 1.03209
81 43.4721 17.8702 0.401628
82 8.24728 50.5534 1.77661
83 29.6658 42.1027 1.0321
84 15.6461 34.9723 1.39217
85 -14.0254 -12.2147 -2.17338
86 31.4217 45.511 1.03201
87 16.9501 36.0026 1.39217
88 5.21074 -26.0167 -1.61726
89 -27.027 24.9538 2.63999
90 47.4546 30.4557 0.595294
91 -5.79809 48.5565 1.85396
92 5.12316 -26.511 -1.61726
93 -13.0424 44.5773 1.97642
94 4.40709 -26.5407 -1.61726
95 -6.48059 49.6578 1.85396
96 -4.80722 48.6961 1.85396
97 31.6891 42.3384 1.03208
98 -7.43822 -21.0693 -2.02497
99 -5.0268 51.2042 1.845
