100
Particles
0 10.4129 7.37983 -3.0418
1 14.7557 19.5023 0.179434
2 14.3003 3.61694 1.89058
3 9.7755 4.33489 0.83259
4 10.6412 8.82838 2.13761
5 5.59998 14.1712 0.563525
6 -0.22323 3.44218 1.88935
7 11.5046 20.5075 -2.89989
8 8.56435 7.52502 -2.75554
9 11.5759 2.08755 1.46613
10 10.6434 3.53227 0.886268
11 9.30777 19.8052 -1.96107
12 7.82288 17.4442 1.78982
13 16.7751 2.88364 0.324755
14 3.54539 16.9879 0.0167534
15 20.5068 14.801 -0.511098
16 3.49889 3.16162 2.06572
17 17.354 14.9412 -1.81481
18 -1.01488 16.8778 2.57588
19 9.96181 8.4399 2.12305
20 7.09259 4.66338 -0.747754
21 19.2291 18.6892 -0.327434
22 15.4498 12.9502 -1.27882
23 6.19511 4.20945 -0.570242
24 -0.141134 10.3988 2.68306
25 5.08163 8.44244 1.43187
26 1.39379 10.8744 1.277
27 17.3268 14.593 3.02786
28 14.8862 6.23325 -0.172899
29 1.15899 12.3306 1.04316
30 9.67094 9.14312 -1.21077
31 2.08999 8.03965 -1.2036
32 8.64971 10.4026 -0.866543
33 6.62381 18.7652 -2.75928
34 14.2843 15.439 2.21487
35 0.62819 4.92668 -0.167323
36 19.4358 7.86737 -0.0550417
37 11.814 17.1337 -0.416217
38 4.0351 2.86694 -1.76343
39 4.76763 12.5364 0.624101
40 4.20965 19.0273 -0.422883
41 17.4864 0.31548 1.00649
42 11.2754 9.55682 0.972943
43 2.61402 11.8444 -2.24036
44 17.6259 7.21274 1.12451
45 3.82384 8.09951 0.120173
46 10.8759 6.86001 0.798784
47 9.24347 16.668 0.231856
48 6.67206 16.2533 -1.45818
49 18.0407 6.03059 -1.58246
50 11.4797 5.58505 -2.98225
51 10.1714 3.51842 3.10751
52 1.18153 18.9835 1.37635
53 3.77759 16.0049 -2.54234
54 5.27864 22.1337 -1.80478
55 5.81157 8.42845 2.33935
56 8.92972 9.96042 2.56656
57 11.1699 14.0253 -2.27342
58 15.1008 8.10937 -0.531316
59 14.2939 18.2615 -2.97368
60 12.5281 17.7336 -2.7421
61 12.8051 13.6137 1.31354
62 5.07744 5.1539 0.464979
63 2.19991 8.23246 0.342626
64 12.225 9.35241 -0.476633
65 11.1117 15.6591 1.38837
66 13.607 12.5158 1.51076
67 11.9192 6.94814 0.227199
68 15.8521 15.3564 1.62993
69 9.80458 15.3164 -0.954135
70 19.3831 20.9375 1.8222
71 18.4145 8.42389 -3.06617
72 13.6453 17.8866 -0.0682501
73 4.29875 18.5235 -1.13371
74 18.1531 3.90843 2.86065
75 5.29154 4.91367 1.51144
76 8.09566 4.9667 -0.468593
77 9.61585 14.285 1.21459
78 9.56149 15.199 -3.10721
79 3.235 17.0332 -1.55226
80 15.6551 14.3018 -2.13721
81 7.5705 10.4036 3.12976
82 4.82588 12.1464 -0.912691
83 2.49062 4.77163 -0.091553
84 5.95384 7.33474 2.14335
85 10.4951 2.99431 1.7626
86 1.17031 4.71957 0.331753
87 12.8167 2.22653 -2.31987
88 14.1056 18.431 2.26326
89 10.4461 8.09819 1.24514
90 18.7855 6.71743 0.127647
91 7.01164 11.1146 1.43674
92 16.9459 10.5484 1.22467
93 13.7929 11.6918 -0.528083
94 3.05012 6.39347 2.13608
95 15.8887 6.27924 0.108005
96 9.93971 -2.01049 -1.64312
97 6.36738 0.970393 2.07608
98 9.13546 20.5313 3.05531
99 14.0541 7.6896 2.17619
