100
Particles
0 -11.0672 -26.0006 -2.02497
1 59.6997 11.0263 0.191521
2 61.1627 15.0069 -0.0482543
3 -23.1043 33.787 2.70934
4 17.8092 41.6256 1.39217
5 -9.42178 -26.7922 -2.02497
6 -9.93685 -26.8779 -2.02497
7 17.5412 42.0436 1.39217
8 -17.2604 -18.0089 -2.17338
9 -7.73279 56.4694 1.85396
10 35.5749 49.8599 1.03203
11 5.43538 -32.6849 -1.61726
12 17.8633 42.1572 1.39217
13 -7.25479 55.3896 1.85396
14 18.4168 41.563 1.39217
15 18.9275 55.5155 1.29527
16 6.79588 57.5705 1.77661
17 6.01651 57.5383 1.77661
18 -32.0615 13.0335 -3.13365
19 34.4964 48.8095 1.03204
20 -31.0991 -11.0083 -2.63252
21 -3.09144 -36.036 -1.71767
22 7.63842 -37.9483 -1.53075
23 -35.4532 24.267 2.66752
24 49.2904 20.297 0.401628
25 34.6544 49.6331 1.03204
26 -10.0841 -27.9084 -2.02497
27 -3.7257 -34.9054 -1.71767
28 -7.55869 56.3069 1.85396
29 -3.94981 -35.4088 -1.71767
30 46.6572 -15.6433 -0.689808
31 48.6627 20.5849 0.401628
32 -33.4305 28.2228 2.63999
33 -17.6318 -18.672 -2.17338
34 -36.5653 17.7029 2.69836
35 -25.2997 -4.92768 -2.63365
36 33.8522 49.9004 1.03204
37 34.5683 50.3796 1.03203
38 36.1604 51.4998 1.03203
39 19.8296 55.6327 1.29527
40 -6.85265 56.2758 1.85396
41 4.77166 -33.7196 -1.61726
42 -10.8122 -26.9029 -2.02497
43 -17.8875 -19.0123 -2.17338
44 33.8827 50.8544 1.03203
45 20.0361 55.2989 1.29527
46 29.9931 47.7362 1.09642
47 18.3446 42.363 1.39217
48 -6.34531 41.303 2.24929
49 6.01643 57.5537 1.77661
50 6.90475 -39.3382 -1.53075
51 35.2848 50.7946 1.03203
52 6.43206 57.9595 1.77661
53 -6.24397 58.3484 1.845
54 35.4648 50.6212 1.03203
55 -25.1304 -4.34205 -2.63365
56 22.2316 -35.055 -1.5126
57 35.6484 50.7173 1.03203
58 7.09742 58.0191 1.77661
59 -3.71721 -36.3338 -1.71767
60 -9.71444 -26.7788 -2.02497
61 -32.1313 12.3611 -3.13365
62 -35.3604 25.1901 2.66752
63 33.6647 48.9661 1.03204
64 30.9827 47.8113 1.09642
65 -9.50968 -27.4345 -2.02497
66 -33.6155 40.8842 2.58822
67 -34.602 24.6177 2.66752
68 -9.00597 -27.1257 -2.02497
69 7.17012 -37.9488 -1.53075
70 6.61216 -38.437 -1.53075
71 -6.11071 55.3266 1.85396
72 17.9354 40.7132 1.39217
73 -3.088 -35.5192 -1.71767
74 48.7843 20.8766 0.401628
75 -18.1098 -17.6818 -2.17338
76 17.305 42.4086 1.39217
77 -3.43289 -36.433 -1.71767
78 -15.1106 51.2408 1.97642
79 -15.6324 50.765 1.97642
80 33.7898 48.1862 1.03204
81 49.685 20.5089 0.401628
82 6.86786 57.1609 1.77661
83 33.1289 47.8966 1.03204
84 16.8454 41.6149 1.39217
85 -17.8511 -17.7758 -2.17338
86 34.885 51.3048 1.03203
87 18.1494 42.6452 1.39217
88 4.8972 -32.7594 -1.61726
89 -32.9455 28.1994 2.63999
90 53.0434 34.2407 0.595294
91 -7.68397 55.0377 1.85396
92 4.80962 -33.2538 -1.61726
93 -15.7059 50.7796 1.97642
94 4.09355 -33.2834 -1.61726
95 -8.36647 56.139 1.85396
96 -6.6931 55.1773 1.85396
97 35.1522 48.1323 1.03204
98 -10.3996 -27.135 -2.02497
99 -6.85455 57.702 1.845
