100
Particles
0 14.0739 5.46677 -1.92742
1 14.8466 16.8502 2.76264
2 16.7306 0.193497 0.407908
3 13.3684 8.16507 1.19569
4 9.97077 9.21041 2.72957
5 1.95849 13.2575 -0.975999
6 0.18541 5.56233 0.92108
7 11.0215 19.748 -1.03151
8 9.15527 8.53 -2.11612
9 11.0283 5.77388 2.82092
10 11.4816 3.47767 1.86377
11 8.22407 19.2529 -1.72041
12 9.4683 17.8127 -0.265296
13 20.357 5.47842 -2.45319
14 4.10066 19.6078 2.12309
15 23.5503 13.6462 -1.75552
16 1.14183 3.32547 2.05772
17 16.1288 19.1548 -2.88156
18 -0.455593 20.1155 1.32316
19 7.57641 9.19733 0.302419
20 8.09559 7.65584 2.05965
21 18.4336 20.3946 2.69121
22 13.0522 10.9118 -2.1833
23 6.03051 0.842358 -2.18438
24 0.354557 9.53965 -2.03829
25 2.87012 10.3995 3.0806
26 0.35844 8.67568 2.13769
27 14.966 13.9367 1.76666
28 11.6665 10.2449 -2.75981
29 -1.03959 13.3205 0.218375
30 10.0229 8.6917 2.83078
31 0.436543 8.51731 -2.20322
32 7.96482 9.27168 -0.828551
33 8.63081 19.598 2.40125
34 18.0706 14.0268 2.095
35 4.15854 6.39851 -3.14097
36 20.1637 10.6285 -2.39538
37 8.24357 16.5576 2.45708
38 7.25812 0.361893 -0.810447
39 1.4112 17.5225 2.53929
40 6.42228 22.042 2.53981
41 23.7838 3.0286 1.25569
42 9.37518 6.89834 -2.80305
43 -2.80521 11.1695 -2.09668
44 20.7053 4.42888 0.434612
45 3.0871 8.50153 -0.469342
46 11.8437 4.36506 -2.43719
47 11.9705 15.554 -1.32327
48 5.15033 20.2792 -3.07448
49 19.706 7.32606 -2.76172
50 11.966 5.12614 -0.642922
51 12.9723 2.97936 -1.34364
52 0.505748 20.5155 -1.94278
53 3.0954 13.5721 -0.697165
54 5.88515 24.2499 1.5326
55 3.40783 7.92692 0.979539
56 7.28286 13.5639 -2.20656
57 12.2943 8.78439 -2.01386
58 14.2123 8.94665 0.5123
59 12.4397 21.8325 -2.21528
60 10.3744 16.3178 0.91125
61 14.3281 14.1765 1.35678
62 5.29754 4.70845 -1.19912
63 2.15728 11.8014 0.566307
64 9.53298 10.1264 2.67848
65 13.1103 15.8481 0.70735
66 13.3809 12.3636 0.0830806
67 9.85641 8.40917 -1.04517
68 14.979 16.202 2.90318
69 8.65477 16.4771 -2.43554
70 18.3587 22.1854 -2.35894
71 17.4113 7.72257 -2.67874
72 13.5359 19.4968 1.98966
73 4.29528 15.4253 -2.94086
74 15.8166 3.64509 -1.79713
75 6.88993 5.38073 -1.81756
76 7.45433 6.57965 1.15988
77 13.7345 15.828 2.74182
78 8.7359 18.1521 1.68762
79 3.87603 17.1573 -2.00216
80 17.7678 14.7145 -0.625038
81 0.888183 10.9029 -2.22508
82 4.66518 11.2267 -2.91895
83 4.27825 7.04638 -1.87926
84 7.07456 11.4498 2.76896
85 12.432 2.77364 0.56758
86 2.08053 6.03488 1.61243
87 12.3889 4.74448 2.32137
88 16.5873 18.9096 -1.61921
89 7.95339 9.64458 1.21189
90 19.7395 7.88308 1.91551
91 7.08655 10.2446 -0.413847
92 19.5374 9.35038 0.618514
93 17.0784 9.13486 -2.6412
94 3.93978 8.55402 -1.48698
95 17.8729 7.81081 -0.885675
96 12.3819 0.834886 2.35272
97 7.4519 -0.309828 -1.18377
98 8.2135 20.395 0.203526
99 14.505 10.4756 0.776442
