100
Particles
0 2.31796 8.99355 -1.76022
1 22.64 3.84051 0.191521
2 23.4566 16.8278 -0.0482543
3 11.1737 17.973 2.70934
4 10.7679 4.59215 1.44298
5 7.29588 7.05343 -2.05442
6 6.76738 6.97441 -2.04744
7 10.0726 5.11678 1.19121
8 4.10254 13.1142 -2.12349
9 0.727626 19.8637 1.60854
10 15.9092 17.6404 1.02058
11 7.2025 5.02352 -1.68315
12 10.5469 5.18005 1.26516
13 4.47137 19.629 1.49711
14 14.8819 5.79206 -2.86542
15 8.65742 19.1893 1.29527
16 14.594 20.6516 2.26326
17 13.5456 20.5914 0.899637
18 5.68734 13.3335 -3.13365
19 16.1221 15.8736 1.16595
20 1.86405 7.38988 -2.63252
21 2.43198 1.30771 -1.71428
22 5.23066 -0.301063 -1.48354
23 -1.86644 7.03351 2.66752
24 16.6726 3.14101 1.05208
25 15.0887 17.353 1.02747
26 6.60888 5.94948 -1.94077
27 1.80107 2.4378 -1.72355
28 1.0293 19.722 1.60854
29 1.57605 1.93454 -1.721
30 17.538 8.38034 -0.689808
31 13.62 9.09406 -0.239275
32 -0.330858 10.0713 2.63999
33 3.87702 12.3399 -2.40059
34 -2.46305 1.51342 2.69836
35 7.68433 13.4331 -2.63365
36 14.2323 17.6549 1.02821
37 14.8782 18.1768 1.01536
38 16.4608 19.3012 1.0296
39 9.55952 19.3066 1.29527
40 5.29415 20.9367 2.76
41 6.51885 3.98995 -1.57039
42 5.83225 6.9777 -2.03639
43 3.73941 11.8918 -2.58815
44 13.189 19.634 0.56735
45 9.76601 18.9728 1.29527
46 12.7495 14.1546 1.09642
47 11.2102 5.33545 1.51642
48 17.3472 11.9138 2.24929
49 13.5153 20.6052 0.899637
50 8.71294 -2.04056 -1.87285
51 15.5887 18.5941 1.00741
52 14.1391 21.0047 1.7766
53 3.97786 22.0087 1.845
54 15.7704 18.4196 1.01038
55 7.85362 14.0187 -2.63365
56 20.0358 2.63107 -1.5126
57 15.9529 18.5162 1.01533
58 14.9901 21.1302 2.26326
59 1.80653 1.00984 -1.71516
60 6.99923 7.06884 -2.05044
61 5.61748 12.6611 -3.13365
62 -1.77359 7.95666 2.66752
63 15.3204 16.0161 1.16595
64 13.7391 14.2297 1.09642
65 7.19837 6.41598 -2.03905
66 -1.49947 21.0444 2.58822
67 -1.01526 7.38423 2.66752
68 7.71169 6.71992 -2.05442
69 4.7954 -0.299393 -1.44556
70 4.33438 -0.784052 -1.4077
71 6.41981 19.9072 2.356
72 14.4671 4.73784 1.68802
73 2.43709 1.82432 -1.71892
74 13.7543 9.35263 -0.239275
75 3.12033 13.5149 -1.91656
76 9.74415 5.51798 0.842114
77 2.09053 0.910712 -1.71428
78 -0.214792 16.5539 1.97642
79 -0.73661 16.0782 1.97642
80 15.494 15.2084 1.1347
81 17.2235 3.15083 1.05208
82 14.6945 20.2494 2.26326
83 14.8672 14.9 1.08523
84 9.16124 4.78769 0.508671
85 3.44529 13.3853 -1.95198
86 15.1853 19.1065 1.00741
87 10.7268 5.69637 1.30861
88 6.65167 4.94981 -1.66528
89 0.154145 10.0479 2.63999
90 21.7871 13.0723 0.595294
91 3.86937 19.2432 1.49711
92 6.56409 4.45545 -1.60473
93 -0.810142 16.0927 1.97642
94 5.84074 4.42613 -1.57039
95 0.0672734 19.5277 1.60854
96 5.61935 19.6377 2.356
97 17.9412 14.6992 1.22939
98 6.29296 6.72317 -2.03007
99 3.36729 21.3623 1.845
