100
Particles
0 14.8332 6.0296 2.36347
1 15.3516 16.5345 2.65685
2 16.0463 0.283539 -2.05595
3 13.9444 7.94067 -2.88357
4 9.656 9.35639 1.08283
5 2.24864 13.0809 2.82027
6 -0.577266 5.08621 -2.23124
7 10.9259 20.0023 -0.68698
8 9.93718 7.86697 0.455037
9 11.0734 5.79348 1.65134
10 11.9324 3.50223 2.42696
11 8.8053 18.2689 0.582908
12 9.71617 17.4683 -2.66357
13 21.2602 5.35964 2.58007
14 5.44457 19.356 1.52537
15 25.4704 12.6949 -0.410877
16 1.17225 3.56988 0.917687
17 16.4157 18.5687 2.82621
18 -0.92819 19.6016 2.81119
19 7.81275 8.08131 0.996175
20 8.52944 6.90228 -0.376859
21 19.0911 20.1413 0.255752
22 13.0612 9.72985 -3.11089
23 5.60913 1.83831 0.840633
24 -0.503882 10.3668 0.764417
25 2.96951 10.7332 0.966702
26 1.40404 8.75949 -1.22379
27 15.2631 13.9743 -1.63445
28 12.0019 9.43634 -0.871224
29 -1.9389 13.4923 -2.43839
30 9.17941 9.12979 1.98909
31 0.63748 8.94766 0.472302
32 8.31464 8.98421 -2.68497
33 8.89141 19.9457 0.905351
34 18.6939 14.2351 0.342035
35 3.30712 6.60791 0.32193
36 19.3639 11.677 2.00517
37 8.65578 16.5601 2.45345
38 6.8152 0.495791 -3.38248
39 2.23746 18.412 0.131091
40 7.08702 21.1697 -0.0933476
41 24.3398 2.35483 -0.652935
42 9.75003 7.21629 -1.58221
43 -3.20137 12.0827 1.48078
44 21.1697 3.63972 -1.19852
45 2.73481 9.3138 1.63974
46 12.007 5.41607 -0.797639
47 11.8277 14.8399 -1.68855
48 5.28048 20.4788 2.46757
49 20.2331 6.59377 3.07857
50 13.2209 5.3738 -0.634201
51 14.133 3.02097 0.594208
52 1.39061 20.8647 1.89221
53 3.15379 13.6458 -2.09011
54 5.68289 24.8523 0.521151
55 3.7914 8.68396 2.14232
56 8.91919 14.5266 0.937747
57 12.1576 8.31385 -1.97322
58 13.914 9.18219 -1.20075
59 13.5946 21.3686 -0.0786369
60 9.25566 16.4504 2.88798
61 13.6913 13.2015 -1.81184
62 5.75084 4.52656 3.02631
63 1.88975 12.1095 1.48535
64 9.19718 10.3172 2.96462
65 13.2445 16.7784 2.83431
66 13.5279 13.4335 -2.65685
67 10.1771 9.04592 -0.702985
68 14.2766 16.1263 2.61165
69 9.12043 15.7352 -2.14833
70 18.3579 22.2347 3.11713
71 17.1768 6.9327 -2.09323
72 13.7751 19.753 0.896302
73 4.62301 14.3994 -2.01554
74 15.3343 4.48975 1.11819
75 8.50988 5.13304 -1.59351
76 7.19727 7.29617 -1.24122
77 13.2576 15.6405 3.01551
78 8.23028 18.6739 2.94472
79 4.6694 17.6348 1.57757
80 18.1283 14.2108 0.984711
81 0.384238 10.2259 -1.75614
82 4.51303 11.7867 1.9032
83 4.01638 6.95103 1.79445
84 5.85095 11.8731 3.01293
85 12.8265 2.24233 -1.16519
86 1.82999 5.42653 0.309752
87 12.4293 4.235 0.176657
88 16.8411 18.8881 -0.780255
89 7.58311 10.1993 1.1374
90 19.6783 8.66621 -2.18861
91 7.05087 10.5712 1.69123
92 20.3086 9.89847 2.00391
93 16.8066 8.82485 0.432324
94 3.21486 9.02819 0.867101
95 17.4333 8.34516 1.90569
96 12.0704 1.40918 0.831511
97 7.74578 -0.698846 -3.62394
98 8.30986 20.0618 0.13243
99 13.2821 10.8924 1.43667
