100
Particles
0 -0.982364 -5.32949 -2.01643
1 37.1203 6.6482 0.191521
2 38.1894 16.1163 -0.0482543
3 -2.21969 24.1519 2.70934
4 13.7226 18.9916 1.39217
5 0.669819 -6.1244 -2.0265
6 0.153885 -6.20968 -2.02521
7 13.4546 19.4096 1.39217
8 -4.22454 0.940139 -2.17338
9 -1.30924 34.3846 1.85225
10 23.7603 30.1264 1.02614
11 6.50374 -9.70976 -1.61726
12 13.7767 19.5231 1.39217
13 -0.828084 33.3057 1.85447
14 14.3301 18.929 1.39217
15 12.6702 33.383 1.29527
16 11.4961 35.0558 1.77661
17 10.7168 35.0237 1.77661
18 -9.06219 13.2163 -3.13365
19 22.7232 29.0512 1.04372
20 -11.0156 0.201183 -2.63252
21 0.274568 -13.2837 -1.71767
22 6.71751 -14.9668 -1.53054
23 -14.9897 13.7671 2.66752
24 28.1206 11.3059 0.401628
25 22.8568 29.8894 1.03331
26 0.00700202 -7.24031 -2.02579
27 -0.359688 -12.1531 -1.71767
28 -1.13448 34.2223 1.85271
29 -0.583799 -12.6565 -1.71767
30 28.9157 -1.0064 -0.689808
31 27.4929 11.5938 0.401628
32 -13.2638 17.1636 2.63999
33 -4.59592 0.277081 -2.17338
34 -15.7878 7.83911 2.69836
35 -5.20346 6.25902 -2.63365
36 22.0569 30.1553 1.03426
37 22.7595 30.6425 1.02858
38 24.3364 31.7719 1.02219
39 13.5723 33.5002 1.29527
40 -0.428102 34.1913 1.85295
41 5.84002 -10.7444 -1.61726
42 -0.724507 -6.2332 -2.02071
43 -4.85162 -0.0632641 -2.17338
44 22.0805 31.1134 1.0313
45 13.7788 33.1664 1.29527
46 19.4871 27.2759 1.09642
47 14.258 19.7289 1.39217
48 8.08989 23.397 2.24929
49 10.7167 35.0391 1.77661
50 5.98412 -16.3566 -1.53096
51 23.4674 31.0627 1.02495
52 11.1323 35.4449 1.77661
53 -0.0160977 36.2077 1.845
54 23.6474 30.8893 1.02495
55 -5.03417 6.84464 -2.63365
56 20.8938 -12.094 -1.5126
57 23.8282 30.9871 1.02379
58 11.7977 35.5045 1.77661
59 -0.351205 -13.5815 -1.71767
60 0.376949 -6.1109 -2.0262
61 -9.13205 12.5439 -3.13365
62 -14.8969 14.6903 2.66752
63 21.89 29.2088 1.043
64 20.4766 27.351 1.09642
65 0.581697 -6.76659 -2.02618
66 -14.0481 28.7964 2.58822
67 -14.1386 14.1178 2.66752
68 1.08563 -6.45791 -2.0265
69 6.24929 -14.9672 -1.53066
70 5.69146 -15.4554 -1.53085
71 0.321659 33.2444 1.85846
72 13.8488 18.0792 1.39217
73 0.278007 -12.7668 -1.71767
74 27.6145 11.8855 0.401628
75 -5.07396 1.26727 -2.17338
76 13.2184 19.7746 1.39217
77 -0.0668817 -13.6807 -1.71767
78 -6.035 30.1071 1.97642
79 -6.55681 29.6313 1.97642
80 22.0255 28.4227 1.04737
81 28.5152 11.5178 0.401628
82 11.5681 34.6463 1.77661
83 21.3719 28.1289 1.05034
84 12.7588 18.9809 1.39217
85 -4.81529 1.17322 -2.17338
86 23.0673 31.573 1.02482
87 14.0628 20.0111 1.39217
88 5.96556 -9.78422 -1.61726
89 -12.7788 17.1402 2.63999
90 33.9998 21.3434 0.595294
91 -1.25697 32.9539 1.85468
92 5.87798 -10.2786 -1.61726
93 -6.63035 29.6459 1.97642
94 5.16191 -10.3082 -1.61726
95 -1.94317 34.0541 1.85208
96 -0.262577 33.0946 1.85716
97 23.3845 28.3707 1.04622
98 -0.309167 -6.46658 -2.02476
99 -0.626673 35.5612 1.845
