100
Particles
0 10.4616 6.79848 0.130563
1 13.711 19.1744 0.99956
2 13.9799 3.48599 -2.63951
3 9.21187 3.5448 0.0598008
4 10.6941 8.29151 -1.96603
5 6.42051 14.0549 -0.255867
6 1.08533 3.81113 0.527289
7 12.1085 20.4166 3.07273
8 10.0391 8.45411 1.67593
9 11.4496 3.55018 -0.212792
10 10.7958 3.32888 -1.21325
11 9.43321 20.4051 1.03294
12 8.19693 16.8606 -1.01803
13 15.8722 2.78512 0.907582
14 3.428 16.2892 -0.445541
15 20.3391 15.6004 -3.13312
16 3.78146 3.51893 -1.33165
17 16.7276 15.008 1.26189
18 -0.0461502 16.2245 3.12089
19 11.5809 8.41641 -2.29979
20 6.3087 5.84503 -0.19368
21 19.1035 18.3975 2.31434
22 14.7345 12.1513 -0.661249
23 6.75352 4.18615 -2.69807
24 0.243952 9.49973 2.3542
25 5.29933 7.76008 -0.58825
26 1.80233 10.3659 2.78305
27 17.823 13.5511 0.618291
28 14.2904 5.48502 -2.37756
29 0.999781 12.2686 -1.64015
30 10.5995 8.85565 -0.754585
31 1.71678 9.26086 2.09884
32 8.66317 9.54632 -1.24738
33 8.49785 19.298 -1.03569
34 14.5268 15.9576 0.180052
35 0.602952 5.51207 2.4074
36 19.6712 7.98623 -2.28541
37 11.3985 17.3795 -2.19383
38 4.49742 3.10556 1.54699
39 3.71035 11.5428 1.61724
40 4.77616 19.2327 0.655124
41 18.2397 1.10912 -0.878641
42 10.7882 9.51235 -0.720555
43 2.921 11.4295 1.53274
44 17.1211 6.01399 -0.344762
45 3.15072 7.197 -2.61152
46 10.1559 7.55471 -1.496
47 9.33606 16.6674 -1.94453
48 6.45901 17.2058 -1.01488
49 18.0317 6.19472 -2.55626
50 12.6532 5.37336 2.94126
51 9.8054 2.35352 2.10502
52 1.83195 19.1701 -0.329547
53 3.83429 15.9139 0.982913
54 6.0222 21.9104 -2.54245
55 5.99881 7.74828 -0.770897
56 8.7848 11.0206 0.24781
57 11.2459 13.8899 -3.03759
58 13.5761 7.2964 2.36262
59 14.3843 18.142 -1.24394
60 12.1749 19.1337 -0.532847
61 13.4392 12.6774 -0.171583
62 4.29323 4.68467 -2.43504
63 1.99965 8.18859 1.25061
64 13.2891 9.91625 -0.860594
65 11.6487 16.3315 2.57784
66 14.2843 13.0085 1.8304
67 10.6132 7.85338 2.80644
68 15.267 15.3571 3.08935
69 10.9927 16.8742 -1.0173
70 18.0003 20.9395 -2.89721
71 17.7648 9.21054 1.77929
72 13.5785 18.0819 -0.918631
73 5.25466 17.9309 2.08608
74 18.298 5.7747 3.0061
75 4.54661 5.38134 2.46979
76 8.53716 3.63224 1.53937
77 9.76433 14.5196 1.13673
78 8.76105 15.8204 2.32526
79 3.53362 18.2446 -0.820229
80 15.5969 14.3699 -1.19955
81 7.7679 10.3023 -0.747285
82 5.49373 12.7422 2.47315
83 1.59534 4.60473 -1.16689
84 7.28075 6.1068 -2.05138
85 10.2277 2.6252 0.495198
86 0.605302 5.23113 -2.13483
87 13.193 3.65702 1.44692
88 13.1878 15.929 2.46885
89 9.72257 8.79626 1.93951
90 17.2224 5.67071 -2.18338
91 6.80206 10.4529 -2.14081
92 16.9574 9.53213 -0.76832
93 12.5694 11.4694 2.52949
94 3.31385 5.6497 -2.04896
95 15.3261 6.76344 -2.62842
96 9.70083 -0.569813 0.245392
97 5.79306 0.408086 -0.242007
98 8.68848 20.7754 0.521651
99 14.4262 8.26486 0.394119
