100
Particles
0 -12.6027 -29.1458 -2.02497
1 63.1357 11.6925 0.191521
2 64.6586 14.8381 -0.0482543
3 -26.2824 35.2531 2.70934
4 18.4311 45.07 1.39217
5 -10.9573 -29.9374 -2.02497
6 -11.4724 -30.0231 -2.02497
7 18.1631 45.4879 1.39217
8 -19.2441 -20.8925 -2.17338
9 -8.71066 59.83 1.85396
10 37.3706 52.8641 1.03203
11 5.2728 -36.1812 -1.61726
12 18.4852 45.6015 1.39217
13 -8.23265 58.7502 1.85396
14 19.0386 45.0073 1.39217
15 19.8797 58.8835 1.29527
16 6.08062 60.9966 1.77661
17 5.30125 60.9645 1.77661
18 -35.5614 13.0057 -3.13365
19 36.2922 51.8137 1.03204
20 -34.1553 -12.7141 -2.63252
21 -3.60366 -39.4983 -1.71767
22 7.77854 -41.4455 -1.53075
23 -38.5672 25.8648 2.66752
24 52.5119 21.6652 0.401628
25 36.4502 52.6373 1.03204
26 -11.6196 -31.0536 -2.02497
27 -4.23792 -38.3677 -1.71767
28 -8.53655 59.6675 1.85396
29 -4.46203 -38.8711 -1.71767
30 49.357 -17.8707 -0.689808
31 51.8842 21.9531 0.401628
32 -36.4993 29.9057 2.63999
33 -19.6155 -21.5555 -2.17338
34 -39.7271 19.2039 2.69836
35 -28.3578 -6.63 -2.63365
36 35.6479 52.9046 1.03204
37 36.364 53.3838 1.03203
38 37.9562 54.504 1.03203
39 20.7818 59.0007 1.29527
40 -7.83051 59.6364 1.85396
41 4.60908 -37.2158 -1.61726
42 -12.3477 -30.0481 -2.02497
43 -19.8712 -21.8959 -2.17338
44 35.6785 53.8586 1.03203
45 20.9883 58.6669 1.29527
46 31.5919 50.8497 1.09642
47 18.9665 45.8073 1.39217
48 -8.54198 44.0278 2.24929
49 5.30118 60.9798 1.77661
50 7.04487 -42.8354 -1.53075
51 37.0806 53.7988 1.03203
52 5.71681 61.3856 1.77661
53 -7.19169 61.7177 1.845
54 37.2606 53.6254 1.03203
55 -28.1885 -6.04438 -2.63365
56 22.4352 -38.5491 -1.5126
57 37.4441 53.7215 1.03203
58 6.38216 61.4452 1.77661
59 -4.22943 -39.7962 -1.71767
60 -11.25 -29.924 -2.02497
61 -35.6312 12.3333 -3.13365
62 -38.4744 26.7879 2.66752
63 35.4605 51.9704 1.03204
64 32.5815 50.9248 1.09642
65 -11.0452 -30.5797 -2.02497
66 -36.5932 42.7237 2.58822
67 -37.716 26.2155 2.66752
68 -10.5415 -30.2709 -2.02497
69 7.31024 -41.446 -1.53075
70 6.75228 -41.9342 -1.53075
71 -7.08858 58.6872 1.85396
72 18.5573 44.1575 1.39217
73 -3.60022 -38.9815 -1.71767
74 52.0058 22.2448 0.401628
75 -20.0935 -20.5653 -2.17338
76 17.9269 45.8529 1.39217
77 -3.94511 -39.8953 -1.71767
78 -16.4916 54.4568 1.97642
79 -17.0135 53.981 1.97642
80 35.5856 51.1904 1.03204
81 52.9065 21.8771 0.401628
82 6.1526 60.5871 1.77661
83 34.9247 50.9008 1.03204
84 17.4673 45.0592 1.39217
85 -19.8349 -20.6594 -2.17338
86 36.6807 54.309 1.03203
87 18.7713 46.0895 1.39217
88 4.73462 -36.2556 -1.61726
89 -36.0143 29.8824 2.63999
90 55.9414 36.2034 0.595294
91 -8.66184 58.3983 1.85396
92 4.64704 -36.75 -1.61726
93 -17.087 53.9956 1.97642
94 3.93097 -36.7796 -1.61726
95 -9.34433 59.4996 1.85396
96 -7.67097 58.5379 1.85396
97 36.9479 51.1365 1.03204
98 -11.9351 -30.2802 -2.02497
99 -7.80226 61.0713 1.845
