100
Particles
0 12.6526 7.14183 -0.847977
1 12.817 15.8762 -2.47575
2 15.2254 0.459417 -1.12307
3 11.7158 7.49206 -1.52543
4 11.4423 10.5127 -0.572454
5 2.271 13.9201 -2.32832
6 0.0876501 5.44888 -0.392433
7 9.44147 21.1457 0.0944832
8 8.87541 10.064 -2.65174
9 11.7477 4.22935 2.58039
10 12.6159 2.21451 1.33764
11 6.80083 19.9697 -0.304192
12 9.24233 17.8393 2.88558
13 19.0637 4.96838 0.732316
14 4.97544 20.1868 0.00523768
15 22.1425 14.0907 0.325873
16 2.52813 2.51793 -2.30396
17 17.6765 16.7398 0.304555
18 -1.13954 18.5098 -0.899322
19 8.17719 9.11278 -0.0237103
20 8.43752 6.03142 -0.10773
21 19.6824 21.024 1.1498
22 13.8657 12.7432 0.621051
23 5.01507 2.64676 2.87976
24 -1.43631 9.70845 -0.165759
25 3.12673 7.81529 2.28634
26 1.62987 7.65528 -1.26606
27 16.7011 14.5257 -2.78725
28 11.7361 8.31565 2.99732
29 0.504477 11.7375 -1.90166
30 9.67007 7.12257 0.592058
31 1.35533 9.30489 -1.11347
32 10.3747 9.17367 -0.0590614
33 5.81371 20.6246 -0.735656
34 16.9445 16.2305 -0.713271
35 4.70259 8.11529 1.81025
36 20.2325 9.74748 -2.78851
37 9.4743 16.7187 -1.73296
38 5.03901 3.61628 -3.03705
39 4.17597 16.5449 -1.571
40 6.12571 22.5398 -1.40603
41 23.1305 3.10733 2.21363
42 9.00298 9.15594 -0.359682
43 -0.172051 12.1022 -2.99053
44 19.7825 5.77126 -3.00925
45 2.0439 8.34496 2.0551
46 11.4171 5.13539 0.12158
47 9.92679 17.0467 -0.431256
48 4.39301 17.8824 -1.88916
49 18.3377 5.48202 1.98485
50 11.1948 4.73831 1.06936
51 13.9712 3.10403 -1.26296
52 0.371546 19.0919 -2.30694
53 2.92972 15.0888 -0.771663
54 6.40058 23.7684 -1.02237
55 3.91806 8.51478 -2.03263
56 9.4979 11.633 1.47128
57 10.2707 11.5397 -0.0133078
58 14.6275 9.71471 0.227217
59 13.2396 22.3614 -0.0625085
60 12.0563 17.273 1.83303
61 12.3807 12.9559 -1.05143
62 4.41128 5.80158 -0.010194
63 2.43835 10.5766 1.37874
64 10.6257 10.9419 1.40451
65 12.7695 16.2142 -2.54129
66 12.1535 12.0415 -0.497877
67 11.6675 8.9162 -2.20562
68 15.3815 15.7424 0.884603
69 8.83472 15.3468 0.534112
70 18.2231 24.1696 0.303488
71 16.2709 7.4844 1.84528
72 13.513 17.7105 -0.971064
73 4.25941 18.1443 -1.63189
74 15.9101 5.50986 2.75307
75 5.40006 4.79425 -0.725978
76 8.52487 5.11993 2.4941
77 11.2655 15.3212 -0.488701
78 7.88969 17.4745 -1.93004
79 3.26588 17.9865 1.06273
80 18.3801 16.4734 1.41345
81 4.85204 9.67695 -2.48753
82 4.7141 11.4761 -1.29888
83 4.04504 5.89483 -0.82959
84 6.90994 10.2911 -1.45323
85 12.2029 2.59363 2.21167
86 0.558316 3.81003 1.8166
87 12.245 4.31608 0.130921
88 15.1506 20.2695 1.99831
89 8.45573 8.76151 1.377
90 19.1332 7.54999 2.2081
91 8.349 9.96358 -2.54359
92 19.019 8.83485 -1.80889
93 16.9106 9.72672 -0.480532
94 2.61775 5.26654 -2.14293
95 17.0339 6.44358 -2.83302
96 11.8736 -0.510421 -1.49325
97 6.78261 -1.46073 -0.500954
98 9.0133 19.9379 2.44533
99 13.3678 9.45876 -2.19258
