100
Particles
0 -5.36383 -14.3185 -2.02497
1 46.9374 8.55172 0.191521
2 48.1778 15.634 -0.0482543
3 -11.3 28.3411 2.70934
4 15.4994 28.8325 1.39217
5 -3.71842 -15.1101 -2.02497
6 -4.23348 -15.1958 -2.02497
7 15.2314 29.2504 1.39217
8 -9.8923 -7.29858 -2.17338
9 -4.10073 43.9871 1.85395
10 28.9045 38.7017 1.03185
11 6.03924 -19.699 -1.61726
12 15.5535 29.364 1.39217
13 -3.62271 42.9073 1.85396
14 16.1069 28.7698 1.39217
15 15.3908 43.0058 1.29527
16 9.45255 44.8448 1.77661
17 8.67317 44.8127 1.77661
18 -19.0619 13.1368 -3.13365
19 27.8273 37.6505 1.03239
20 -19.7475 -4.67251 -2.63252
21 -1.18891 -23.176 -1.71767
22 7.11799 -24.9587 -1.53075
23 -23.8869 18.3323 2.66752
24 37.3249 15.2151 0.401628
25 27.9846 38.4746 1.03207
26 -4.38074 -16.2263 -2.02497
27 -1.82317 -22.0454 -1.71767
28 -3.92662 43.8245 1.85395
29 -2.04728 -22.5488 -1.71767
30 36.6294 -7.37029 -0.689808
31 36.6972 15.503 0.401628
32 -22.0319 21.9719 2.63999
33 -10.2637 -7.96164 -2.17338
34 -24.8215 12.1277 2.69836
35 -13.9409 1.39524 -2.63365
36 27.1824 38.7418 1.03211
37 27.8981 39.2213 1.03193
38 29.4898 40.3418 1.03173
39 16.2929 43.123 1.29527
40 -3.22058 43.7935 1.85395
41 5.37551 -20.7336 -1.61726
42 -5.10885 -15.2208 -2.02497
43 -10.5194 -8.30198 -2.17338
44 27.2127 39.6959 1.03202
45 16.4994 42.7893 1.29527
46 24.0549 36.1717 1.09642
47 16.0348 29.5698 1.39217
48 1.81371 31.1822 2.24929
49 8.6731 44.828 1.77661
50 6.38431 -26.3486 -1.53075
51 28.6144 39.6364 1.03182
52 9.08873 45.2338 1.77661
53 -2.72387 45.8341 1.845
54 28.7944 39.463 1.03182
55 -13.7717 1.98086 -2.63365
56 21.4754 -22.077 -1.5126
57 28.9778 39.5592 1.03178
58 9.75408 45.2934 1.77661
59 -1.81469 -23.4738 -1.71767
60 -4.01108 -15.0967 -2.02497
61 -19.1317 12.4644 -3.13365
62 -23.7941 19.2554 2.66752
63 26.9956 37.8072 1.03237
64 25.0445 36.2468 1.09642
65 -3.80632 -15.7524 -2.02497
66 -22.5557 34.052 2.58822
67 -23.0357 18.683 2.66752
68 -3.30261 -15.4436 -2.02497
69 6.64969 -24.9592 -1.53075
70 6.09173 -25.4474 -1.53075
71 -2.47863 42.8443 1.85396
72 15.6256 27.92 1.39217
73 -1.18548 -22.6591 -1.71767
74 36.8187 15.7947 0.401628
75 -10.7417 -6.97145 -2.17338
76 14.9952 29.6155 1.39217
77 -1.53036 -23.573 -1.71767
78 -9.9809 39.2956 1.97642
79 -10.5027 38.8199 1.97642
80 27.121 37.027 1.03251
81 37.7195 15.427 0.401628
82 9.52453 44.4353 1.77661
83 26.4603 36.7373 1.0326
84 14.5356 28.8218 1.39217
85 -10.483 -7.0655 -2.17338
86 28.2145 40.1466 1.03181
87 15.8396 29.852 1.39217
88 5.50106 -19.7734 -1.61726
89 -21.5469 21.9486 2.63999
90 42.2797 26.951 0.595294
91 -4.0519 42.5554 1.85396
92 5.41347 -20.2678 -1.61726
93 -10.5762 38.8344 1.97642
94 4.69741 -20.2974 -1.61726
95 -4.7344 43.6566 1.85395
96 -3.06102 42.695 1.85396
97 28.4832 36.9732 1.03246
98 -4.69622 -15.4529 -2.02497
99 -3.33444 45.1877 1.845
