100
Particles
0 1.84724 6.53827 -1.76022
1 25.0942 4.31639 0.191521
2 25.9537 16.7072 -0.0482543
3 8.90363 19.0203 2.70934
4 11.6275 6.93595 1.1805
5 6.1657 4.8235 -2.0373
6 5.64017 4.74296 -2.03726
7 11.0688 7.40887 1.17882
8 2.71733 11.0334 -2.17055
9 0.633278 22.362 1.60854
10 17.2249 19.7661 1.01603
11 7.07276 2.52702 -1.61727
12 11.4565 7.50784 1.17988
13 3.60464 21.9331 2.03692
14 12.7701 6.97326 2.5529
15 9.33755 21.595 1.29527
16 13.9995 23.0644 1.77661
17 13.2202 23.0322 1.77659
18 3.18742 13.3136 -3.13365
19 17.1543 18.1505 1.14216
20 -0.318937 6.17146 -2.63252
21 2.06733 -1.16555 -1.71765
22 5.53345 -2.78262 -1.44563
23 -4.09072 8.1748 2.66752
24 17.912 5.31215 1.05208
25 16.4016 19.4805 1.01617
26 5.5001 3.70896 -2.03717
27 1.43309 -0.0349666 -1.7177
28 0.93495 22.2202 1.60854
29 1.20897 -0.538361 -1.71769
30 19.4664 6.78937 -0.689808
31 16.0488 8.50156 -0.239275
32 -2.52289 11.2734 2.63999
33 2.34867 10.3684 -2.1773
34 -4.72148 2.58557 2.69836
35 5.49996 12.2171 -2.63365
36 15.5447 19.7828 1.01622
37 16.1948 20.3021 1.01608
38 17.7759 21.4274 1.01584
39 10.2397 21.7123 1.29527
40 3.71642 22.7212 2.0379
41 6.40904 1.49239 -1.61726
42 4.70924 4.74412 -2.03719
43 2.09627 10.0258 -2.1855
44 15.2973 20.9775 0.56735
45 10.4461 21.3785 1.29527
46 13.8915 16.3786 1.09642
47 12.0461 7.68616 1.18083
48 15.7782 13.8601 2.24929
49 13.2201 23.0476 1.77659
50 7.96924 -4.42738 -1.87285
51 16.908 20.7177 1.01596
52 13.6357 23.4534 1.77661
53 3.30092 24.4153 1.845
54 17.089 20.5436 1.01597
55 5.66925 12.8028 -2.63365
56 20.1812 0.135306 -1.5126
57 17.2707 20.6407 1.01592
58 14.3011 23.513 1.77663
59 1.44156 -1.46338 -1.71766
60 5.87129 4.83776 -2.03727
61 3.11756 12.6412 -3.13365
62 -3.99788 9.09794 2.66752
63 16.3526 18.2931 1.14216
64 14.881 16.4537 1.09642
65 6.07623 4.18198 -2.03725
66 -3.62637 22.3583 2.58822
67 -3.23955 8.52552 2.66752
68 6.58151 4.48999 -2.0373
69 5.10759 -2.77982 -1.44559
70 4.65596 -3.26324 -1.44556
71 5.06644 21.9897 2.05301
72 12.5666 6.2355 2.5529
73 2.07078 -0.648702 -1.71768
74 16.1831 8.76013 -0.239275
75 1.86673 11.3613 -2.16763
76 10.7787 7.79085 1.17832
77 1.72588 -1.56255 -1.71765
78 -1.20127 18.8511 1.97642
79 -1.72309 18.3753 1.97642
80 16.5354 17.4812 1.14206
81 18.4629 5.32197 1.05208
82 14.0715 22.6548 1.77661
83 15.9231 17.1659 1.1419
84 10.283 7.00739 1.17718
85 2.12659 11.2664 -2.17055
86 16.5046 21.23 1.01596
87 11.6588 8.01591 1.17959
88 6.53458 2.45256 -1.61726
89 -2.03788 11.25 2.63999
90 23.857 14.4742 0.595294
91 3.25903 21.6131 2.02912
92 6.447 1.9582 -1.61726
93 -1.79662 18.3899 1.97642
94 5.73093 1.92857 -1.61726
95 -0.0270742 22.026 1.60854
96 4.39299 21.8044 2.04723
97 18.7783 17.0549 1.22939
98 5.17467 4.48725 -2.0372
99 2.69035 23.7689 1.845
