100
Particles
0 13.0208 5.91941 1.09144
1 13.3788 15.9289 -0.814123
2 16.3961 0.869009 -0.439193
3 12.0469 7.88757 -1.92396
4 11.1954 10.1517 2.57663
5 3.09577 14.4792 -1.46988
6 0.496037 5.2944 -1.03095
7 10.2527 21.112 0.646281
8 9.12082 9.51347 1.7032
9 11.5093 5.34174 1.89538
10 12.9555 0.934152 0.960402
11 7.54806 19.0695 -1.00308
12 9.26022 18.1534 -0.290613
13 19.0725 5.45658 1.61193
14 4.75387 20.1424 3.08296
15 22.2095 13.8234 -1.42738
16 2.5456 3.38178 2.08239
17 17.4296 17.8559 -2.82721
18 -1.51503 18.8078 2.73212
19 8.40798 9.35879 -2.02002
20 8.57832 6.31801 -0.326825
21 19.283 20.1943 -1.25444
22 13.9154 12.9294 2.50951
23 5.07045 0.937346 2.83753
24 -0.693877 9.25962 2.67937
25 3.72058 8.9466 2.21086
26 2.19139 8.55091 -1.66712
27 17.1152 14.2213 0.268101
28 12.9982 8.53309 -1.33679
29 -0.173122 12.6148 1.32159
30 9.74553 8.90734 0.330708
31 0.666152 8.84136 -0.328157
32 8.9585 10.0844 2.60704
33 7.87489 20.485 0.00726997
34 17.699 14.8071 2.37653
35 4.67274 6.95054 -1.42026
36 20.7481 10.8953 1.52092
37 8.63307 16.5503 -2.09981
38 5.88804 2.28086 1.20778
39 2.20919 16.5542 2.3874
40 6.11763 23.0798 -0.479867
41 23.2537 2.658 -2.87943
42 9.26079 7.99557 -2.96431
43 -1.32309 11.2672 -2.68137
44 19.4868 4.67396 1.43753
45 1.65199 8.71697 -2.57243
46 11.8777 5.71223 -1.01689
47 10.6323 15.9615 -1.0831
48 6.12555 18.7573 -1.12329
49 18.6923 6.49456 -2.025
50 11.7325 4.69163 -1.50495
51 13.5995 3.58083 0.133177
52 1.17361 20.1847 1.6416
53 2.49498 14.3707 1.05295
54 6.88013 24.5104 -0.630789
55 4.62907 7.60654 -1.52869
56 8.61064 13.4677 -2.72934
57 11.327 10.4146 -0.568238
58 15.2499 10.0606 1.65684
59 12.538 22.4727 2.65042
60 10.8571 16.5133 -2.20249
61 12.8719 13.711 0.682794
62 5.30029 4.90938 1.24786
63 1.94823 10.1567 -0.706132
64 10.1931 9.57646 -2.02394
65 13.6191 16.1541 1.0997
66 12.4372 12.3979 -0.919484
67 11.174 9.47111 1.4645
68 16.2372 15.3859 -2.76209
69 10.0282 15.1527 1.49342
70 17.4382 23.7626 2.34094
71 16.1388 7.50324 -2.19703
72 13.2262 18.8793 -0.760324
73 5.43979 17.0889 -2.90175
74 16.1615 4.28083 -1.81493
75 5.57337 4.80549 1.55179
76 8.08341 5.57047 1.52569
77 12.5046 16.7445 2.10052
78 7.96192 17.2191 -0.28448
79 5.04442 17.4618 -2.08262
80 17.9092 16.2655 -2.24814
81 3.8592 9.48391 0.327174
82 5.19784 11.2887 -0.100639
83 4.88941 6.58008 -2.04365
84 7.39174 11.3112 0.346759
85 12.46 2.34511 -1.26976
86 1.20202 4.20042 -1.26748
87 12.9013 4.55127 1.03982
88 15.1827 20.0873 -2.99483
89 8.58699 8.6528 -0.706012
90 18.8336 7.72152 2.69482
91 7.54792 9.35608 0.670134
92 19.1391 9.30006 -0.103055
93 17.2615 9.14112 1.47034
94 3.48381 7.20017 1.97669
95 17.0973 7.05217 2.38549
96 11.638 -0.348681 -1.80888
97 6.84596 0.339389 2.615
98 8.38001 19.8825 -2.34927
99 13.7063 10.0346 0.0152829
