100
Particles
0 12.4872 7.32931 1.369
1 13.0136 16.0307 -2.06948
2 15.1172 0.684775 -2.71532
3 11.7044 7.7418 0.146596
4 11.2321 10.6481 -1.75029
5 2.44278 14.1017 -2.00213
6 -0.143345 5.54449 1.53598
7 9.19259 21.1221 -0.387728
8 9.09601 10.1816 -2.09435
9 11.9593 4.0963 -2.92898
10 12.5582 1.97128 -0.104892
11 6.56231 20.0446 2.76631
12 9.48418 17.776 0.230517
13 18.8778 4.80123 -0.0761113
14 4.72544 20.1855 -1.17493
15 21.9057 14.0106 -1.86444
16 2.69543 2.7037 1.19715
17 17.438 16.6648 2.61593
18 -1.29507 18.7055 -0.116258
19 7.92726 9.1187 -2.16556
20 8.18897 6.0583 -1.78616
21 19.5802 20.7958 -1.92251
22 13.6624 12.5977 1.85245
23 5.25655 2.58205 1.68268
24 -1.68289 9.7497 0.0989807
25 3.29074 7.6266 1.04709
26 1.55486 7.89377 0.686657
27 16.9355 14.6124 2.07925
28 11.9835 8.27971 -0.35804
29 0.585691 11.9739 -0.541588
30 9.46262 6.98305 -2.69057
31 1.24494 9.5292 -0.630004
32 10.1251 9.18842 -0.884448
33 5.62836 20.7924 -2.30311
34 16.7555 16.394 -2.23589
35 4.76188 7.87242 0.237983
36 20.4671 9.83393 1.72653
37 9.51467 16.9654 0.942058
38 5.28764 3.64237 -2.44825
39 4.17602 16.7949 2.07547
40 6.0847 22.7865 1.25618
41 23.2804 2.90723 1.98844
42 8.76898 9.24393 -0.279045
43 0.0751014 12.1398 1.41967
44 20.0303 5.80425 1.33494
45 2.1603 8.12371 -0.112245
46 11.1689 5.10507 -2.03213
47 9.69968 17.1512 -0.615715
48 4.47126 18.1199 -1.59125
49 18.4382 5.25314 -0.806994
50 11.0746 4.51909 -1.28967
51 13.8955 3.34228 0.0676139
52 0.539405 19.2772 1.85984
53 2.75053 15.2631 0.575332
54 6.27025 23.9817 -1.95667
55 4.02946 8.73859 2.4518
56 9.47306 11.3842 0.00683937
57 10.0207 11.543 -1.70164
58 14.3839 9.65839 -2.25693
59 12.9901 22.3771 2.63646
60 12.1211 17.0315 -2.41802
61 12.2566 13.173 -2.89245
62 4.16129 5.80413 2.093
63 2.39063 10.3312 1.14593
64 10.5843 10.6953 0.460534
65 12.9757 16.3554 -1.1778
66 11.9339 12.1609 3.00963
67 11.8158 9.11749 2.16992
68 15.2231 15.5489 0.393665
69 8.61954 15.2195 2.60759
70 17.9845 24.0949 -0.0975272
71 16.3387 7.24376 2.98676
72 13.3719 17.9169 -0.790541
73 4.27468 18.3939 -0.560109
74 16.1414 5.41515 -2.33148
75 5.21309 4.96021 -0.265841
76 8.72427 4.96913 1.60858
77 11.0448 15.4386 2.20798
78 7.97758 17.7085 -2.0862
79 3.14426 17.7681 0.688301
80 18.3409 16.2264 -0.078681
81 5.05045 9.82906 -2.89522
82 4.64695 11.7169 -2.17907
83 3.87625 6.07924 1.68313
84 6.88061 10.5393 -0.745187
85 12.3524 2.39324 -2.52651
86 0.61915 3.56754 -2.1647
87 11.9971 4.28344 2.38017
88 15.2543 20.042 -1.28843
89 8.40758 8.51619 2.92323
90 19.2819 7.34907 -0.23863
91 8.55562 10.1043 0.924087
92 19.078 9.0778 0.362101
93 16.6889 9.84228 -2.75623
94 2.7531 5.47673 -0.750279
95 17.2721 6.51951 1.61386
96 11.8543 -0.261172 0.151451
97 6.56333 -1.34066 -0.433314
98 9.20511 19.7775 -2.36819
99 13.5134 9.66197 2.11825
