100
Particles
0 12.0188 6.79519 2.64197
1 12.6284 16.3916 -2.53888
2 15.1918 0.889648 -0.0325793
3 10.2176 7.28937 1.39575
4 11.3372 10.2464 -1.44895
5 3.36806 13.9525 -2.80329
6 -0.572194 4.71568 0.670561
7 10.2623 21.3119 2.71972
8 9.31307 10.332 -0.0222177
9 12.2069 2.75397 -1.06701
10 12.8578 1.68798 2.76287
11 7.6411 20.239 0.896612
12 9.05224 17.6371 -0.384918
13 17.7204 4.48166 -1.33378
14 4.24992 20.7334 1.77592
15 22.5949 14.4034 -0.827592
16 2.08512 2.65421 2.44415
17 18.2704 16.8122 -1.26916
18 -0.606503 18.8798 -3.10781
19 8.08889 8.38006 1.40707
20 8.19243 6.44271 -1.98838
21 19.886 21.6296 -0.550183
22 13.0092 11.6274 -2.76191
23 5.11087 2.22083 2.49284
24 -0.472491 9.73767 -0.625097
25 2.40883 8.59336 -2.18983
26 1.09214 8.1601 -0.401804
27 17.2505 14.4807 -1.80499
28 12.1615 8.03943 0.746713
29 0.245353 12.2009 1.73853
30 9.83613 8.09139 2.92859
31 0.612531 9.47314 3.06897
32 9.31364 9.71745 -2.94486
33 6.36314 20.0032 -1.54998
34 16.071 17.2054 1.83458
35 4.38842 7.31849 -0.396996
36 20.0513 9.15171 0.172279
37 8.83617 17.2897 -0.401969
38 5.10733 4.63843 -0.133177
39 4.58735 16.3189 1.51272
40 5.36852 21.7765 1.8162
41 22.986 2.3512 -0.204057
42 8.64259 8.88904 2.55933
43 -0.575087 13.1266 -2.2522
44 19.9651 6.06252 -0.643707
45 1.22232 8.52591 0.377988
46 11.2143 5.13868 -2.92595
47 9.15909 16.7624 0.990879
48 4.06178 18.1019 1.22355
49 18.6349 5.75241 -0.673802
50 10.8273 4.12616 -0.260002
51 14.1736 4.23643 2.92691
52 -0.012184 20.0653 1.83969
53 2.89602 16.0208 -0.503892
54 6.01826 24.6119 1.09645
55 4.35919 9.12792 -3.12802
56 8.53932 11.6455 -3.00091
57 10.3211 11.5494 -0.910978
58 14.8159 10.7058 1.35775
59 13.6215 20.9035 2.6056
60 13.3503 16.9441 -1.20945
61 12.4988 12.8206 -1.28557
62 3.42264 5.86152 0.11715
63 2.36707 9.89985 0.102425
64 9.6416 9.81762 1.71227
65 12.7446 16.046 -1.96852
66 12.4964 12.8881 -2.2273
67 10.7198 8.97463 2.09047
68 15.6444 16.3365 0.600261
69 10.1776 14.4895 -2.20187
70 18.4868 23.0355 -2.78748
71 16.1424 8.00393 2.89853
72 13.7842 17.9872 -2.1953
73 3.94634 17.8286 -3.04424
74 16.5692 5.29259 -0.974656
75 4.87833 4.95856 2.5779
76 8.30338 4.15799 2.85811
77 10.8633 15.7948 2.03617
78 7.34764 17.925 2.15265
79 3.7472 18.266 3.0711
80 18.4964 15.2891 -1.91197
81 5.6546 8.61682 -1.53246
82 5.57037 12.3008 1.64011
83 2.82346 6.26667 1.24598
84 6.02458 10.0989 3.09851
85 11.0302 2.7502 3.13804
86 1.06183 3.91161 0.526743
87 12.9851 3.25346 0.988917
88 15.1495 20.8325 1.50286
89 9.23183 8.76041 -1.31746
90 18.8883 7.42761 1.72922
91 8.52421 10.1046 0.855273
92 18.447 9.43452 0.555921
93 16.1626 10.7436 -1.78087
94 2.20735 6.10309 -0.8016
95 16.9399 7.19534 -0.534868
96 11.9757 0.255073 1.60092
97 7.49777 -1.5458 1.29743
98 9.25423 20.3827 -2.80271
99 13.1534 8.27693 1.33494
