100
Particles
0 -11.8349 -27.5732 -2.02497
1 61.4177 11.3594 0.191521
2 62.9106 14.9225 -0.0482543
3 -24.6933 34.5201 2.70934
4 18.1201 43.3478 1.39217
5 -10.1895 -28.3648 -2.02497
6 -10.7046 -28.4505 -2.02497
7 17.8521 43.7658 1.39217
8 -18.2523 -19.4507 -2.17338
9 -8.22172 58.1497 1.85396
10 36.4727 51.362 1.03203
11 5.35409 -34.433 -1.61726
12 18.1743 43.8793 1.39217
13 -7.74372 57.0699 1.85396
14 18.7277 43.2852 1.39217
15 19.4036 57.1995 1.29527
16 6.43825 59.2835 1.77661
17 5.65888 59.2514 1.77661
18 -33.8114 13.0196 -3.13365
19 35.3943 50.3116 1.03204
20 -32.6272 -11.8612 -2.63252
21 -3.34755 -37.7672 -1.71767
22 7.70848 -39.6969 -1.53075
23 -37.0102 25.0659 2.66752
24 50.9012 20.9811 0.401628
25 35.5523 51.1352 1.03204
26 -10.8519 -29.481 -2.02497
27 -3.98181 -36.6366 -1.71767
28 -8.04762 57.9872 1.85396
29 -4.20592 -37.14 -1.71767
30 48.0071 -16.757 -0.689808
31 50.2734 21.269 0.401628
32 -34.9649 29.0642 2.63999
33 -18.6236 -20.1137 -2.17338
34 -38.1462 18.4534 2.69836
35 -26.8287 -5.77884 -2.63365
36 34.7501 51.4025 1.03204
37 35.4661 51.8817 1.03203
38 37.0583 53.0019 1.03203
39 20.3057 57.3167 1.29527
40 -7.34158 57.9561 1.85396
41 4.69037 -35.4677 -1.61726
42 -11.58 -28.4755 -2.02497
43 -18.8793 -20.4541 -2.17338
44 34.7806 52.3565 1.03203
45 20.5122 56.9829 1.29527
46 30.7925 49.2929 1.09642
47 18.6556 44.0851 1.39217
48 -7.44364 42.6654 2.24929
49 5.65881 59.2667 1.77661
50 6.97481 -41.0868 -1.53075
51 36.1827 52.2967 1.03203
52 6.07443 59.6725 1.77661
53 -6.71783 60.0331 1.845
54 36.3627 52.1233 1.03203
55 -26.6594 -5.19321 -2.63365
56 22.3334 -36.802 -1.5126
57 36.5462 52.2194 1.03203
58 6.73979 59.7322 1.77661
59 -3.97332 -38.065 -1.71767
60 -10.4822 -28.3514 -2.02497
61 -33.8813 12.3472 -3.13365
62 -36.9174 25.989 2.66752
63 34.5626 50.4683 1.03204
64 31.7821 49.368 1.09642
65 -10.2774 -29.0071 -2.02497
66 -35.1044 41.804 2.58822
67 -36.159 25.4166 2.66752
68 -9.77373 -28.6983 -2.02497
69 7.24018 -39.6974 -1.53075
70 6.68222 -40.1856 -1.53075
71 -6.59965 57.0069 1.85396
72 18.2464 42.4353 1.39217
73 -3.34411 -37.2503 -1.71767
74 50.395 21.5607 0.401628
75 -19.1017 -19.1236 -2.17338
76 17.6159 44.1308 1.39217
77 -3.689 -38.1642 -1.71767
78 -15.8011 52.8488 1.97642
79 -16.3229 52.373 1.97642
80 34.6877 49.6883 1.03204
81 51.2958 21.193 0.401628
82 6.51023 58.874 1.77661
83 34.0268 49.3987 1.03204
84 17.1563 43.3371 1.39217
85 -18.843 -19.2176 -2.17338
86 35.7829 52.8069 1.03203
87 18.4604 44.3673 1.39217
88 4.81591 -34.5075 -1.61726
89 -34.4799 29.0409 2.63999
90 54.4924 35.2221 0.595294
91 -8.1729 56.718 1.85396
92 4.72833 -35.0019 -1.61726
93 -16.3965 52.3876 1.97642
94 4.01226 -35.0315 -1.61726
95 -8.8554 57.8193 1.85396
96 -7.18203 56.8576 1.85396
97 36.0501 49.6344 1.03204
98 -11.1673 -28.7076 -2.02497
99 -7.3284 59.3866 1.845
