100
Particles
0 14.3131 5.39393 -0.295641
1 14.9031 17.0937 1.34293
2 16.5589 0.0117822 -2.32785
3 13.6127 8.11216 -0.213279
4 9.75457 9.08489 -2.61558
5 1.75058 13.1186 -2.5528
6 -0.0642594 5.54947 -3.09014
7 10.788 19.6587 -2.77626
8 9.3416 8.69668 0.72978
9 10.9627 5.53264 -1.83622
10 11.7308 3.49825 0.0823852
11 8.10541 19.0328 -2.06539
12 9.57239 18.04 1.14138
13 20.5856 5.57942 0.415888
14 4.34225 19.6721 0.260139
15 23.7822 13.5528 -0.382937
16 0.892768 3.30379 -3.05474
17 16.345 19.0293 -0.526022
18 -0.515827 19.8729 -1.81413
19 7.49176 8.9621 -1.91621
20 7.84587 7.64391 -3.09386
21 18.3463 20.6289 1.92742
22 12.9032 10.711 -2.20925
23 5.79455 0.924979 2.80478
24 0.226479 9.75435 2.10867
25 3.05115 10.227 -0.761083
26 0.517355 8.86867 0.881935
27 15.2141 13.9062 -0.12246
28 11.7889 10.0269 -1.0592
29 -1.28232 13.2607 -2.89975
30 9.79252 8.78879 2.74277
31 0.680408 8.57235 0.221996
32 7.73911 9.16418 -2.69709
33 8.38218 19.6242 3.03661
34 18.3084 13.9498 -0.312785
35 3.95562 6.25249 -2.51783
36 20.2626 10.8581 1.16414
37 8.41962 16.7351 0.78951
38 7.06461 0.203609 -2.45599
39 1.5308 17.742 1.07194
40 6.27548 21.8397 -2.19841
41 23.8029 2.77933 -1.49442
42 9.58976 7.02662 0.538784
43 -3.05428 11.1911 3.055
44 20.5607 4.63285 2.18732
45 3.15045 8.74337 1.31461
46 12.088 4.41821 0.214234
47 12.1294 15.361 -0.882216
48 4.90163 20.3047 3.03948
49 19.9235 7.44926 0.515318
50 12.1809 5.25388 0.536346
51 12.7424 3.07742 2.73853
52 0.374952 20.7285 2.12138
53 3.16297 13.8128 1.29711
54 6.13241 24.2868 0.148156
55 3.3999 8.17679 1.60252
56 7.48285 13.7139 0.64358
57 12.0462 8.75395 -3.01953
58 14.4331 9.06378 0.487605
59 12.6882 21.8598 0.109345
60 10.1375 16.3975 2.81681
61 14.4944 13.9899 -0.842539
62 5.25133 4.46276 -1.75669
63 2.02106 11.5918 -2.14707
64 9.45818 9.88787 -1.87464
65 12.9814 16.0624 2.11222
66 13.1831 12.2108 -2.4838
67 10.0226 8.5959 0.843398
68 14.8929 15.9673 -1.92252
69 8.88027 16.3691 -0.446429
70 18.1685 22.0232 -2.43546
71 17.476 7.4811 -1.3089
72 13.2889 19.5352 2.9877
73 4.33787 15.1789 -1.39959
74 15.5848 3.5515 -2.75789
75 7.02073 5.16769 -1.02016
76 7.23027 6.69054 2.68201
77 13.6965 15.5809 -1.72344
78 8.51282 18.0392 -2.67323
79 4.08054 17.301 0.612827
80 17.8778 14.49 -1.11519
81 0.66564 11.0168 2.66853
82 4.51606 11.026 -2.20994
83 4.50851 6.94902 -0.400051
84 6.83756 11.3702 -2.81766
85 12.3864 2.52783 -1.75403
86 1.94325 5.82594 -2.15208
87 12.4636 4.50589 -1.26756
88 16.7395 19.108 0.916712
89 7.76249 9.48316 -2.43969
90 19.8735 7.67202 -1.00515
91 6.9196 10.0586 -2.30206
92 19.7139 9.17329 -0.78717
93 17.2814 9.28077 0.623199
94 3.69313 8.59482 2.97764
95 17.6291 7.86625 2.91799
96 12.4779 1.06571 1.1766
97 7.20193 -0.314063 -3.12465
98 7.96751 20.3504 -2.96223
99 14.2876 10.599 2.62517
