100
Particles
0 -7.77679 -19.2609 -2.02497
1 52.3369 9.59866 0.191521
2 53.6714 15.3687 -0.0482543
3 -16.2941 30.6451 2.70934
4 16.4766 34.245 1.39217
5 -6.13138 -20.0526 -2.02497
6 -6.64644 -20.1383 -2.02497
7 16.2086 34.6629 1.39217
8 -13.0096 -11.8299 -2.17338
9 -5.63737 49.2681 1.85395
10 31.7268 43.4224 1.03201
11 5.78376 -25.193 -1.61726
12 16.5307 34.7765 1.39217
13 -5.15936 48.1882 1.85396
14 17.0842 34.1823 1.39217
15 16.8871 48.2984 1.29527
16 8.32857 50.2287 1.77661
17 7.5492 50.1966 1.77661
18 -24.5617 13.0931 -3.13365
19 30.6485 42.3718 1.03209
20 -24.5501 -7.35305 -2.63252
21 -1.99383 -28.6168 -1.71767
22 7.33817 -30.4543 -1.53075
23 -28.7803 20.8431 2.66752
24 42.3872 17.3651 0.401628
25 30.8064 43.1955 1.03204
26 -6.7937 -21.1687 -2.02497
27 -2.62809 -27.4862 -1.71767
28 -5.46326 49.1055 1.85396
29 -2.8522 -27.9896 -1.71767
30 40.8719 -10.8704 -0.689808
31 41.7595 17.6531 0.401628
32 -26.8544 24.6165 2.63999
33 -13.381 -12.4929 -2.17338
34 -29.79 14.4864 2.69836
35 -18.7466 -1.27984 -2.63365
36 30.0042 43.4628 1.03205
37 30.7202 43.942 1.03202
38 32.3123 45.0623 1.03199
39 17.7892 48.4156 1.29527
40 -4.75722 49.0745 1.85396
41 5.12004 -26.2277 -1.61726
42 -7.52181 -20.1633 -2.02497
43 -13.6367 -12.8333 -2.17338
44 30.0346 44.4168 1.03203
45 17.9957 48.0818 1.29527
46 26.5672 41.0643 1.09642
47 17.012 34.9823 1.39217
48 -1.63818 35.4641 2.24929
49 7.54913 50.2119 1.77661
50 6.6045 -31.8442 -1.53075
51 31.4367 44.3571 1.032
52 7.96475 50.6178 1.77661
53 -4.21314 51.1286 1.845
54 31.6167 44.1836 1.032
55 -18.5773 -0.694218 -2.63365
56 21.7954 -27.5677 -1.5126
57 31.8002 44.2797 1.032
58 8.63011 50.6774 1.77661
59 -2.6196 -28.9146 -1.71767
60 -6.42404 -20.0392 -2.02497
61 -24.6316 12.4207 -3.13365
62 -28.6875 21.7662 2.66752
63 29.8168 42.5285 1.03208
64 27.5568 41.1394 1.09642
65 -6.21928 -20.6949 -2.02497
66 -27.2349 36.9425 2.58822
67 -27.9292 21.1938 2.66752
68 -5.71557 -20.3861 -2.02497
69 6.86987 -30.4548 -1.53075
70 6.31191 -30.943 -1.53075
71 -4.01529 48.1252 1.85396
72 16.6028 33.3325 1.39217
73 -1.99039 -28.0999 -1.71767
74 41.8811 17.9447 0.401628
75 -13.859 -11.5027 -2.17338
76 15.9724 35.028 1.39217
77 -2.33528 -29.0138 -1.71767
78 -12.1511 44.3494 1.97642
79 -12.673 43.8736 1.97642
80 29.9419 41.7485 1.0321
81 42.7818 17.577 0.401628
82 8.40055 49.8192 1.77661
83 29.2811 41.4589 1.03212
84 15.5128 34.2342 1.39217
85 -13.6003 -11.5968 -2.17338
86 31.0369 44.8672 1.032
87 16.8168 35.2645 1.39217
88 5.24558 -25.2675 -1.61726
89 -26.3694 24.5932 2.63999
90 46.8336 30.0351 0.595294
91 -5.58855 47.8364 1.85396
92 5.15799 -25.7618 -1.61726
93 -12.7465 43.8881 1.97642
94 4.44193 -25.7915 -1.61726
95 -6.27104 48.9376 1.85395
96 -4.59768 47.976 1.85396
97 31.3043 41.6946 1.0321
98 -7.10918 -20.3953 -2.02497
99 -4.82372 50.4822 1.845
