100
Particles
0 12.8259 6.15056 -2.34988
1 12.9678 15.9472 -1.42259
2 15.7087 0.549573 0.956257
3 11.9219 8.46178 0.568357
4 11.036 9.44509 -1.6671
5 3.00144 14.5729 -2.88252
6 0.200225 5.12183 2.47136
7 9.77306 21.3364 -1.20932
8 9.5209 9.02156 -0.554692
9 11.0999 4.83256 2.4361
10 12.6419 0.854753 -0.220322
11 6.89999 19.5715 -1.61916
12 9.39455 18.4338 2.03014
13 19.4154 5.37246 -1.12921
14 4.45256 19.7891 2.46857
15 21.4586 14.3815 -2.6234
16 2.46157 2.65059 -2.06106
17 17.4491 17.6099 -0.0362172
18 -1.60027 18.3456 -0.528244
19 8.39648 10.2524 1.65567
20 8.69902 6.09069 2.09119
21 19.7309 20.9326 -0.67795
22 14.3186 12.8349 0.61478
23 5.69363 2.1083 2.04234
24 -0.819246 9.1818 0.382557
25 3.17557 8.50414 -1.01613
26 2.06425 8.02711 0.144228
27 16.8047 13.9816 1.15114
28 12.681 8.04969 2.22544
29 0.199169 12.1869 -0.82875
30 9.34873 7.77993 2.47714
31 1.06275 9.16165 -2.88143
32 9.60368 9.71322 1.73446
33 7.52351 20.2006 -0.537393
34 17.136 15.2357 -0.737027
35 4.87683 7.99232 -1.41259
36 20.042 10.6514 2.29623
37 9.11484 16.3387 -1.45798
38 5.59515 2.89281 0.174287
39 3.29562 16.6943 2.92601
40 6.73079 22.9752 2.06839
41 22.5998 2.96757 -1.82346
42 9.25866 8.5761 1.59282
43 -0.905747 11.6274 -0.915803
44 19.7162 5.09436 -1.75501
45 2.1849 9.025 1.35413
46 11.2273 5.19777 2.14229
47 10.3912 16.0287 2.4352
48 5.32284 18.4525 0.740729
49 18.6939 5.78335 2.32767
50 11.4268 4.6523 -2.40081
51 14.3697 2.86536 -2.55924
52 0.867586 20.1919 0.00696543
53 3.21874 14.1269 1.79835
54 6.7497 23.92 -0.324562
55 4.35874 7.87811 2.61971
56 8.87685 12.7721 1.67322
57 10.6158 11.8011 0.602241
58 15.627 9.35233 0.368407
59 12.6193 22.5901 0.681072
60 11.5167 16.9368 -0.45508
61 12.1616 13.3419 2.49511
62 5.35855 5.46449 2.55616
63 2.04143 10.5461 3.08514
64 10.6938 10.0373 -1.92982
65 12.8732 16.3304 -1.7283
66 11.9448 13.0094 1.91981
67 11.2467 9.25559 -2.43588
68 15.999 15.838 1.76292
69 9.28062 15.1853 -3.13463
70 18.2477 24.1971 -0.668625
71 16.5983 7.82364 -1.06416
72 12.9315 18.6209 2.10027
73 5.33998 17.4142 0.357854
74 15.7578 4.96489 -0.0105271
75 6.28064 4.71636 -0.951616
76 8.49594 5.09782 -1.36633
77 11.9135 16.0815 1.15909
78 7.41515 17.7749 -1.79519
79 4.24517 18.0367 -0.705446
80 18.5767 16.9956 0.970656
81 4.02868 8.98273 -2.89969
82 5.27588 11.4088 2.47259
83 4.20547 6.11946 -1.25723
84 6.96264 11.1709 0.157514
85 12.1586 2.44084 -0.632839
86 0.774688 4.72419 -0.0626151
87 12.9588 3.74945 -2.61583
88 15.1069 20.3861 2.32862
89 8.63352 8.78016 2.67037
90 18.9348 7.35165 0.460483
91 8.09187 10.2761 2.1775
92 18.9882 9.50988 2.83711
93 17.3654 9.33891 2.02423
94 2.77998 6.56766 0.401516
95 17.5875 6.22157 1.12875
96 11.7572 -0.181642 1.8451
97 6.96445 -0.654355 1.00625
98 9.11041 20.0787 1.10218
99 13.7404 9.43726 0.168271
