100
Particles
0 14.5869 5.98674 -2.96929
1 15.5076 16.3392 -0.89662
2 16.0003 0.529275 1.75576
3 14.1943 7.93338 -0.0291565
4 9.64504 9.10663 -1.61466
5 2.00378 13.1314 2.93836
6 -0.448838 4.87172 -1.03129
7 11.1714 20.0497 0.191049
8 9.78978 8.06889 2.20139
9 10.9136 5.98574 2.26423
10 11.7381 3.34496 -2.46122
11 9.00274 18.1156 -0.660397
12 9.60552 17.6925 2.02929
13 21.176 5.59501 1.91453
14 5.65608 19.2227 -0.562298
15 25.3977 12.934 1.86602
16 1.05088 3.35131 -2.0777
17 16.2347 18.7412 2.38007
18 -1.10776 19.7755 2.37211
19 7.84264 8.32951 1.45093
20 8.69917 6.71872 -0.82452
21 19.0816 20.3912 1.60903
22 13.1248 9.48809 -1.31343
23 5.51613 2.07037 1.95193
24 -0.738513 10.4531 2.78912
25 2.91874 10.978 1.7753
26 1.54797 8.55507 -0.957314
27 15.0849 14.1497 2.36412
28 11.896 9.66279 2.00824
29 -2.02311 13.7277 1.91436
30 8.95344 9.23675 2.69951
31 0.88494 8.98321 0.142676
32 8.06631 9.01311 3.02572
33 8.76066 19.7327 -2.12115
34 18.4579 14.3176 2.80536
35 3.36277 6.36419 -1.34631
36 19.4043 11.4303 -1.40878
37 8.86117 16.7026 0.606652
38 7.0532 0.419255 -0.311141
39 2.11866 18.192 -2.06597
40 7.01913 21.4103 1.8458
41 24.5791 2.28228 -0.294464
42 9.82535 7.45468 1.26479
43 -3.2913 11.8494 -1.93874
44 21.0689 3.41098 -1.98613
45 2.70635 9.06542 -1.68486
46 12.2009 5.57393 0.683401
47 11.9026 14.6014 -1.26669
48 5.04784 20.5703 2.76673
49 20.3572 6.81078 1.05123
50 13.4618 5.44079 0.271278
51 14.134 3.27097 1.56691
52 1.24401 20.6622 -2.1974
53 3.12232 13.3978 -1.69704
54 5.65643 25.1009 1.67684
55 3.73254 8.92693 1.80849
56 8.98889 14.2865 -1.28828
57 12.2365 8.55105 1.24941
58 14.1389 9.07306 -0.451744
59 13.7388 21.5728 0.955667
60 9.45344 16.6033 0.658139
61 13.4635 13.3045 2.71706
62 5.62318 4.31161 -2.10676
63 2.11378 12.2205 0.459913
64 9.18999 10.5671 1.59955
65 13.1102 16.9893 2.13778
66 13.4085 13.2139 -2.06875
67 9.94039 9.1262 2.81468
68 14.5071 16.223 0.396934
69 9.18113 15.9777 1.32555
70 18.1361 22.1194 -2.66208
71 16.9981 6.75784 -2.36698
72 13.83 19.5091 -1.3492
73 4.59651 14.1508 -1.677
74 15.58 4.44354 -0.185906
75 8.26187 5.10158 -3.01542
76 7.01459 7.1255 -2.39016
77 13.0352 15.5263 -2.66704
78 8.07993 18.4742 -2.21603
79 4.91866 17.6155 -0.077198
80 18.069 13.9679 -1.81022
81 0.329263 9.98198 -1.79251
82 4.62763 12.0089 1.0946
83 3.90903 7.1768 2.01465
84 6.06998 11.9937 0.503052
85 13.0186 2.40227 0.694201
86 2.07854 5.39966 -0.107672
87 12.6564 4.33953 0.431365
88 16.9884 18.686 -0.940845
89 7.68492 9.97096 -1.15138
90 19.4367 8.73062 2.88102
91 7.1161 10.3298 -1.30681
92 20.5586 9.89591 -0.0102578
93 16.9622 9.02052 0.898983
94 3.33049 9.24984 1.08994
95 17.1863 8.30657 -2.98663
96 11.9062 1.59765 2.28762
97 7.86439 -0.478776 1.07646
98 8.55258 20.1217 0.241947
99 13.0689 11.023 2.59222
