100
Particles
0 -9.09295 -21.9568 -2.02497
1 55.282 10.1697 0.191521
2 56.6679 15.224 -0.0482543
3 -19.0182 31.9018 2.70934
4 17.0096 37.1972 1.39217
5 -7.44754 -22.7484 -2.02497
6 -7.9626 -22.8341 -2.02497
7 16.7416 37.6152 1.39217
8 -14.7099 -14.3015 -2.17338
9 -6.47554 52.1486 1.85396
10 33.266 45.9974 1.03203
11 5.64441 -28.1898 -1.61726
12 17.0638 37.7288 1.39217
13 -5.99753 51.0688 1.85396
14 17.6172 37.1346 1.39217
15 17.7032 51.1852 1.29527
16 7.71549 53.1654 1.77661
17 6.93612 53.1333 1.77661
18 -27.5616 13.0693 -3.13365
19 32.1876 44.9469 1.03205
20 -27.1697 -8.81515 -2.63252
21 -2.43287 -31.5845 -1.71767
22 7.45827 -33.4519 -1.53075
23 -31.4495 22.2126 2.66752
24 45.1485 18.5379 0.401628
25 32.3456 45.7705 1.03204
26 -8.10986 -23.8646 -2.02497
27 -3.06713 -30.4539 -1.71767
28 -6.30143 51.9861 1.85396
29 -3.29124 -30.9573 -1.71767
30 43.186 -12.7796 -0.689808
31 44.5208 18.8258 0.401628
32 -29.4848 26.059 2.63999
33 -15.0813 -14.9645 -2.17338
34 -32.5001 15.773 2.69836
35 -21.3678 -2.73898 -2.63365
36 31.5434 46.0379 1.03204
37 32.2594 46.5171 1.03203
38 33.8516 47.6373 1.03202
39 18.6053 51.3024 1.29527
40 -5.59539 51.955 1.85396
41 4.98068 -29.2244 -1.61726
42 -8.83797 -22.8591 -2.02497
43 -15.337 -15.3049 -2.17338
44 31.5739 46.9918 1.03203
45 18.8118 50.9687 1.29527
46 27.9376 43.7331 1.09642
47 17.5451 37.9346 1.39217
48 -3.52104 37.7997 2.24929
49 6.93605 53.1486 1.77661
50 6.7246 -34.8418 -1.53075
51 32.976 46.9321 1.03202
52 7.35168 53.5544 1.77661
53 -5.02547 54.0165 1.845
54 33.156 46.7586 1.03202
55 -21.1985 -2.15335 -2.63365
56 21.9699 -30.5626 -1.5126
57 33.3395 46.8547 1.03202
58 8.01703 53.6141 1.77661
59 -3.05865 -31.8823 -1.71767
60 -7.7402 -22.735 -2.02497
61 -27.6315 12.3969 -3.13365
62 -31.3566 23.1358 2.66752
63 31.3559 45.1036 1.03205
64 28.9272 43.8082 1.09642
65 -7.53544 -23.3907 -2.02497
66 -29.7871 38.5192 2.58822
67 -30.5983 22.5634 2.66752
68 -7.03173 -23.0819 -2.02497
69 6.98997 -33.4524 -1.53075
70 6.43201 -33.9406 -1.53075
71 -4.85346 51.0058 1.85396
72 17.1359 36.2848 1.39217
73 -2.42944 -31.0676 -1.71767
74 44.6424 19.1174 0.401628
75 -15.5593 -13.9744 -2.17338
76 16.5054 37.9802 1.39217
77 -2.77432 -31.9815 -1.71767
78 -13.3349 47.1059 1.97642
79 -13.8567 46.6302 1.97642
80 31.481 44.3236 1.03206
81 45.5431 18.7498 0.401628
82 7.78748 52.7559 1.77661
83 30.8201 44.034 1.03206
84 16.0458 37.1865 1.39217
85 -15.3007 -14.0684 -2.17338
86 32.5761 47.4422 1.03202
87 17.3499 38.2168 1.39217
88 5.10623 -28.2643 -1.61726
89 -28.9998 26.0357 2.63999
90 49.3175 31.7174 0.595294
91 -6.42672 50.7169 1.85396
92 5.01864 -28.7586 -1.61726
93 -13.9303 46.6447 1.97642
94 4.30258 -28.7882 -1.61726
95 -7.10921 51.8182 1.85396
96 -5.43585 50.8565 1.85396
97 32.8434 44.2697 1.03206
98 -8.42535 -23.0912 -2.02497
99 -5.63605 53.3701 1.845
