100
Particles
0 11.9381 6.59421 -1.28671
1 14.2081 16.3043 1.15399
2 13.9484 1.99926 -1.88291
3 10.8915 6.52731 -1.54327
4 10.4317 10.1898 2.76311
5 3.65053 14.4893 1.61951
6 -0.231128 5.56533 3.07075
7 10.4595 20.5773 -1.21781
8 8.45607 8.86295 2.15085
9 11.828 2.95352 -0.0855702
10 13.2987 1.21132 -0.706466
11 8.27536 19.677 -2.90875
12 9.20582 17.3024 -0.613999
13 16.3718 4.2808 1.22306
14 3.15163 19.3167 1.114
15 22.0585 13.2312 -1.54821
16 2.42105 3.95226 1.30377
17 18.1108 14.4363 -2.21824
18 -0.685039 19.0122 1.07841
19 8.66792 9.0486 0.219923
20 6.81303 4.92678 0.0895131
21 20.2366 20.0809 -3.11778
22 13.4086 11.2624 -1.66497
23 7.01355 3.08593 0.563574
24 -0.500842 9.53467 -1.49893
25 3.7363 8.18966 1.86565
26 1.80262 9.48479 0.208878
27 18.0702 15.0126 -0.61074
28 12.91 8.00189 1.30279
29 0.532007 11.4012 -1.26919
30 10.8594 8.61348 1.55169
31 1.04818 9.24448 -1.87985
32 8.8976 11.1299 2.04569
33 6.60559 19.0825 -1.144
34 14.6785 16.6365 2.88257
35 2.84752 5.5505 -0.750429
36 19.4223 9.57259 -0.293556
37 11.1536 18.9284 0.247661
38 3.59413 4.25322 1.70443
39 5.62506 14.0777 -1.75715
40 4.11469 20.2597 -2.42637
41 19.6588 2.41204 -2.78776
42 10.6967 9.1474 -2.39898
43 -0.0104043 12.9076 0.483373
44 18.2796 7.12982 2.44106
45 2.49137 9.66684 -0.719068
46 10.1065 4.7748 0.641708
47 9.77998 17.3497 0.0495346
48 5.70516 16.2462 0.161214
49 17.4643 5.75074 -0.837766
50 11.2941 5.23228 -1.92374
51 12.5804 3.99929 0.331146
52 1.33924 20.1581 -1.78849
53 1.53119 16.2585 -2.32722
54 6.94644 22.9526 -1.89611
55 4.60939 8.56084 -1.03057
56 7.85198 10.1306 -1.79843
57 11.2171 13.8303 -1.61066
58 15.4238 10.7887 2.61557
59 14.3526 20.0384 2.41062
60 11.5944 17.1785 -0.899424
61 11.8084 12.6169 -2.60411
62 3.47671 6.133 0.525916
63 2.46069 8.89849 0.608386
64 10.6596 10.0673 -1.96974
65 11.4717 15.8834 -1.99941
66 13.7082 11.2464 1.98168
67 10.4132 7.54596 0.90204
68 16.0102 15.0042 2.20938
69 10.4006 15.8185 0.20678
70 18.8553 22.2159 -0.328504
71 19.2083 8.08112 2.9702
72 14.6022 16.0492 -1.77984
73 4.0727 18.5675 0.552355
74 16.7354 4.78786 -1.645
75 5.27514 4.9374 0.472803
76 7.21835 3.63466 0.803666
77 10.1842 14.858 -2.35349
78 8.46053 17.601 1.15597
79 3.16238 18.1494 1.82829
80 18.2363 15.7959 2.61179
81 6.08077 10.2056 1.32435
82 5.5199 12.4536 -2.60239
83 3.03363 7.08697 -0.909806
84 6.18328 9.19734 0.218525
85 10.9843 1.85192 0.378513
86 0.562121 3.96841 -3.01343
87 13.8386 3.14763 0.90867
88 15.9796 19.7458 2.69086
89 9.4537 8.74074 -0.241003
90 18.6595 7.16261 2.92304
91 8.37605 10.4101 1.68727
92 17.8789 10.7818 2.86564
93 14.5451 11.1819 0.888123
94 2.2034 6.89496 1.4044
95 15.1021 7.66628 0.252928
96 10.972 -0.810041 1.91147
97 5.83109 -0.84712 -0.903842
98 8.76347 19.8106 2.31348
99 14.2595 9.33356 1.20747
