100
Particles
0 12.2425 6.83303 1.98501
1 13.8073 16.5559 1.62868
2 14.5419 2.10216 1.24526
3 10.245 6.89943 0.744309
4 10.8846 9.78661 -0.730231
5 3.41084 14.2477 -0.670366
6 -0.0877485 5.59601 0.474602
7 10.8414 20.8774 -0.23037
8 8.71685 8.75252 1.0728
9 11.9912 2.98689 0.948169
10 12.9071 1.21167 -2.41958
11 8.58702 19.1955 -1.93861
12 9.24807 17.7527 3.03338
13 16.1649 4.33807 -0.170836
14 3.35864 19.1285 -2.53922
15 21.9793 12.8565 -0.578203
16 1.66027 3.68853 -2.89499
17 17.6159 15.0303 -2.50537
18 -0.396989 19.2371 -0.789707
19 8.77639 9.09861 -1.26055
20 6.67403 5.00368 0.292577
21 19.8918 20.6353 2.54768
22 13.134 10.959 -3.10926
23 6.71786 2.67884 -2.51835
24 -0.473744 9.98289 2.32807
25 3.28916 8.12153 0.260795
26 1.70385 9.15295 -0.752628
27 17.7416 14.6995 -0.826008
28 13.2924 8.03193 0.748793
29 0.700896 11.3977 0.204362
30 10.7847 8.36931 -2.89844
31 0.821642 9.51325 -0.67267
32 9.08286 10.7143 -1.53921
33 6.19246 18.9485 2.67803
34 14.9444 16.7901 -0.31823
35 3.18295 5.47703 0.902712
36 19.5575 9.43214 0.182487
37 10.8286 19.0011 -0.593354
38 4.28379 4.46253 0.202146
39 5.3502 14.347 -2.49283
40 4.35229 20.8839 1.26232
41 19.8693 2.1722 0.282936
42 10.6294 8.88176 -3.06665
43 0.0669797 12.4986 -2.50747
44 18.0836 7.05834 3.14036
45 2.16443 9.39751 1.15257
46 9.9168 4.75908 2.21029
47 9.82133 17.2099 -0.288807
48 5.60404 17.3271 2.13688
49 17.0643 4.91694 -2.38623
50 10.7369 5.1585 -1.68413
51 13.3286 3.86954 0.387864
52 1.23212 20.6773 1.88647
53 1.34912 16.4836 0.976619
54 6.94822 22.693 3.08016
55 4.07804 8.27551 -1.9912
56 7.79762 10.3916 1.57358
57 10.8871 14.4335 2.43985
58 15.1565 11.0239 2.00982
59 13.9411 20.0816 -2.28559
60 11.9056 16.8905 0.0704336
61 11.795 13.2135 2.42851
62 3.94894 6.07647 -0.277038
63 2.41533 8.84779 1.5772
64 10.4356 10.1233 0.403618
65 12.3695 15.8212 -1.16958
66 14.0158 11.6134 1.88542
67 10.5311 8.3625 0.95014
68 16.0106 15.1631 -1.86748
69 10.4304 15.7254 -2.06235
70 18.5605 21.7617 -1.02707
71 19.0741 7.72534 -2.30566
72 14.3565 16.2036 1.92272
73 4.53423 18.0407 3.04407
74 17.0325 5.57392 2.07872
75 5.29911 4.22314 -0.0901655
76 7.68294 3.74052 1.59813
77 10.0087 15.2848 1.67537
78 8.57242 17.6875 2.46823
79 3.53463 18.0708 0.724968
80 18.1338 15.1038 1.92338
81 6.16602 10.0728 -2.83758
82 5.60425 12.5185 0.0602929
83 3.09782 7.21133 -0.509444
84 6.44083 9.90752 0.0123638
85 11.0729 2.02432 0.261371
86 -0.0669243 4.09231 -2.83734
87 13.471 3.60653 2.68447
88 15.83 19.7646 2.30398
89 9.51297 9.74283 1.32687
90 19.1833 7.39845 0.35658
91 8.14968 10.7661 3.12515
92 17.5496 10.6813 -2.11879
93 14.9682 11.1256 -0.366587
94 2.12096 6.76409 -2.34739
95 15.733 7.77961 0.391161
96 11.1205 -0.79997 -1.88251
97 6.01204 -0.615273 0.927443
98 8.72722 20.0925 -0.946419
99 14.3766 8.91035 -1.68325
