100
Particles
0 -7.55743 -18.8116 -2.02497
1 51.846 9.50348 0.191521
2 53.172 15.3928 -0.0482543
3 -15.8401 30.4356 2.70934
4 16.3878 33.7529 1.39217
5 -5.91202 -19.6033 -2.02497
6 -6.42708 -19.689 -2.02497
7 16.1198 34.1709 1.39217
8 -12.7262 -11.4179 -2.17338
9 -5.49767 48.788 1.85395
10 31.4702 42.9932 1.032
11 5.80698 -24.6936 -1.61726
12 16.4419 34.2845 1.39217
13 -5.01967 47.7082 1.85396
14 16.9953 33.6903 1.39217
15 16.751 47.8172 1.29527
16 8.43075 49.7393 1.77661
17 7.65138 49.7071 1.77661
18 -24.0617 13.0971 -3.13365
19 30.392 41.9426 1.0321
20 -24.1135 -7.10936 -2.63252
21 -1.92066 -28.1222 -1.71767
22 7.31816 -29.9547 -1.53075
23 -28.3355 20.6148 2.66752
24 41.927 17.1697 0.401628
25 30.5499 42.7663 1.03204
26 -6.57434 -20.7194 -2.02497
27 -2.55491 -26.9916 -1.71767
28 -5.32357 48.6254 1.85395
29 -2.77902 -27.495 -1.71767
30 40.4862 -10.5522 -0.689808
31 41.2993 17.4576 0.401628
32 -26.416 24.3761 2.63999
33 -13.0976 -12.081 -2.17338
34 -29.3383 14.272 2.69836
35 -18.3097 -1.03665 -2.63365
36 29.7476 43.0336 1.03205
37 30.4636 43.5129 1.03202
38 32.0557 44.6331 1.03198
39 17.6531 47.9344 1.29527
40 -4.61753 48.5944 1.85395
41 5.14326 -25.7282 -1.61726
42 -7.30245 -19.714 -2.02497
43 -13.3533 -12.4213 -2.17338
44 29.7781 43.9876 1.03203
45 17.8596 47.6007 1.29527
46 26.3389 40.6195 1.09642
47 16.9232 34.4903 1.39217
48 -1.32437 35.0748 2.24929
49 7.65131 49.7225 1.77661
50 6.58448 -31.3446 -1.53075
51 31.1802 43.9279 1.032
52 8.06693 50.1283 1.77661
53 -4.07775 50.6473 1.845
54 31.3602 43.7545 1.032
55 -18.1404 -0.451029 -2.63365
56 21.7663 -27.0686 -1.5126
57 31.5437 43.8506 1.03199
58 8.73229 50.1879 1.77661
59 -2.54643 -28.42 -1.71767
60 -6.20468 -19.5898 -2.02497
61 -24.1316 12.4247 -3.13365
62 -28.2426 21.538 2.66752
63 29.5603 42.0993 1.03209
64 27.3284 40.6946 1.09642
65 -5.99992 -20.2455 -2.02497
66 -26.8095 36.6798 2.58822
67 -27.4843 20.9656 2.66752
68 -5.49621 -19.9368 -2.02497
69 6.84986 -29.9552 -1.53075
70 6.2919 -30.4434 -1.53075
71 -3.87559 47.6451 1.85396
72 16.514 32.8405 1.39217
73 -1.91722 -27.6053 -1.71767
74 41.4209 17.7492 0.401628
75 -13.5756 -11.0908 -2.17338
76 15.8836 34.5359 1.39217
77 -2.26211 -28.5192 -1.71767
78 -11.9538 43.8899 1.97642
79 -12.4757 43.4142 1.97642
80 29.6854 41.3193 1.03212
81 42.3216 17.3816 0.401628
82 8.50273 49.3298 1.77661
83 29.0246 41.0297 1.03213
84 15.424 33.7422 1.39217
85 -13.3169 -11.1849 -2.17338
86 30.7803 44.4381 1.032
87 16.728 34.7724 1.39217
88 5.2688 -24.768 -1.61726
89 -25.931 24.3528 2.63999
90 46.4196 29.7547 0.595294
91 -5.44885 47.3563 1.85396
92 5.18122 -25.2624 -1.61726
93 -12.5492 43.4287 1.97642
94 4.46515 -25.292 -1.61726
95 -6.13135 48.4575 1.85395
96 -4.45798 47.4959 1.85396
97 31.0478 41.2654 1.03211
98 -6.88982 -19.946 -2.02497
99 -4.68833 50.0009 1.845
