100
Particles
0 -2.84123 -9.15141 -2.02491
1 41.2926 7.4572 0.191521
2 42.4345 15.9113 -0.0482543
3 -6.0788 25.9323 2.70934
4 14.4777 23.174 1.39217
5 -1.19577 -9.94305 -2.02498
6 -1.71084 -10.0287 -2.02497
7 14.2097 23.5919 1.39217
8 -6.63334 -2.56132 -2.17338
9 -2.4944 38.466 1.85384
10 25.9516 33.7679 1.03069
11 6.30633 -13.9552 -1.61726
12 14.5319 23.7055 1.39217
13 -2.01617 37.3863 1.85399
14 15.0853 23.1113 1.39217
15 13.8265 37.4727 1.29527
16 10.6276 39.2162 1.77661
17 9.84824 39.184 1.77661
18 -13.3121 13.1825 -3.13365
19 24.8825 32.7118 1.03468
20 -14.7267 -1.87014 -2.63252
21 -0.347412 -17.4879 -1.71767
22 6.88779 -19.2134 -1.53075
23 -18.771 15.7073 2.66752
24 32.0324 12.9673 0.401628
25 25.035 33.5387 1.03233
26 -1.85809 -11.0592 -2.02498
27 -0.981668 -16.3573 -1.71767
28 -2.32025 38.3035 1.85387
29 -1.20578 -16.8607 -1.71767
30 32.194 -3.71105 -0.689808
31 31.4047 13.2552 0.401628
32 -16.9903 19.2071 2.63999
33 -7.00472 -3.22437 -2.17338
34 -19.6271 9.66177 2.69836
35 -8.91689 4.19191 -2.63365
36 24.2333 33.8057 1.03256
37 24.9463 34.2867 1.03126
38 26.535 35.409 1.02977
39 14.7286 37.5899 1.29527
40 -1.61419 38.2724 1.85388
41 5.64261 -14.9898 -1.61726
42 -2.58623 -10.0537 -2.02494
43 -7.26042 -3.56472 -2.17338
44 24.2622 34.7606 1.03189
45 14.935 37.2561 1.29527
46 21.4284 31.0566 1.09642
47 15.0132 23.9113 1.39217
48 5.42251 26.7057 2.24929
49 9.84816 39.1994 1.77661
50 6.15412 -20.6032 -1.53075
51 25.6609 34.7029 1.03042
52 10.2638 39.6052 1.77661
53 -1.1669 40.2989 1.845
54 25.8409 34.5295 1.03042
55 -8.7476 4.77753 -2.63365
56 21.141 -16.3368 -1.5126
57 26.0238 34.626 1.03015
58 10.9291 39.6648 1.77661
59 -0.973185 -17.7857 -1.71767
60 -1.48843 -9.92965 -2.02498
61 -13.3819 12.5101 -3.13365
62 -18.6782 16.6304 2.66752
63 24.0505 32.8687 1.03454
64 22.418 31.1317 1.09642
65 -1.28367 -10.5853 -2.02498
66 -17.6639 31.03 2.58822
67 -17.9199 16.058 2.66752
68 -0.779961 -10.2766 -2.02498
69 6.41949 -19.2138 -1.53075
70 5.86154 -19.702 -1.53075
71 -0.871699 37.3234 1.85427
72 14.604 22.2615 1.39217
73 -0.343973 -16.971 -1.71767
74 31.5263 13.5469 0.401628
75 -7.48276 -2.23419 -2.17338
76 13.9735 23.957 1.39217
77 -0.688862 -17.8849 -1.71767
78 -7.712 34.0122 1.97642
79 -8.23382 33.5365 1.97642
80 24.178 32.0873 1.03554
81 32.427 13.1792 0.401628
82 10.6996 38.8066 1.77661
83 23.5187 31.7967 1.03624
84 13.5139 23.1632 1.39217
85 -7.22409 -2.32823 -2.17338
86 25.261 35.2131 1.03039
87 14.818 24.1935 1.39217
88 5.76815 -14.0296 -1.61726
89 -16.5053 19.1838 2.63999
90 37.5187 23.7266 0.595294
91 -2.44534 37.0344 1.85401
92 5.68056 -14.524 -1.61726
93 -8.30735 33.551 1.97642
94 4.9645 -14.5536 -1.61726
95 -3.12809 38.1356 1.85382
96 -1.45422 37.1741 1.85418
97 25.5396 32.0338 1.03521
98 -2.17358 -10.2858 -2.02497
99 -1.77748 39.6525 1.845
