100
Particles
0 11.4641 6.65894 -1.61789
1 13.4795 19.5449 -2.51423
2 14.0338 4.1633 -2.28837
3 10.8919 4.90479 -0.223391
4 10.5121 8.99513 2.75817
5 5.5495 14.1682 1.69022
6 -0.45101 3.60563 -2.40688
7 11.4275 19.7612 1.89551
8 8.74963 7.72871 -1.16143
9 12.0456 2.18482 1.14011
10 11.1226 3.25919 0.404103
11 8.71965 19.1942 0.141785
12 7.72716 16.5761 -0.799917
13 16.7247 2.86501 1.33601
14 3.47893 17.9428 0.64148
15 21.159 14.4693 -0.677353
16 2.44782 2.67531 -1.61412
17 17.0879 15.3081 1.90289
18 -0.252488 17.7342 2.24235
19 9.29334 7.68106 2.94643
20 6.66376 4.58454 2.29321
21 19.7414 18.8381 1.38754
22 15.2753 13.2483 -1.17418
23 5.56219 3.58712 -2.95651
24 -0.6293 10.3927 2.30817
25 5.37868 8.4983 0.725269
26 0.808203 11.105 1.90002
27 17.8431 15.1959 2.75508
28 14.8322 5.89547 -2.14162
29 0.626989 12.2348 1.53152
30 10.8108 8.40233 -2.41071
31 2.14934 8.24299 -0.536967
32 8.12911 9.84501 2.62077
33 6.83891 19.2001 0.617712
34 14.1715 16.0739 -2.81582
35 0.843978 4.58343 -1.84668
36 19.1847 8.73354 1.71171
37 11.6133 17.1313 -1.45641
38 4.06845 3.73775 1.33376
39 5.25413 13.1837 0.181859
40 4.50535 19.2942 -2.85213
41 18.3295 1.15782 0.234401
42 11.4301 8.6532 -1.46862
43 1.77922 11.6656 1.9436
44 18.0128 7.85018 0.000679597
45 3.73943 8.11336 -2.98219
46 9.96506 6.56983 -2.28686
47 8.9815 16.7959 0.256565
48 5.95523 16.2821 -2.97724
49 18.3603 6.64217 2.99866
50 12.8501 6.76102 -1.22753
51 10.6935 3.19785 1.45107
52 0.83046 19.3968 2.83874
53 3.46095 15.6568 -2.09018
54 6.17386 22.4761 2.74154
55 6.13869 7.6621 -0.0683875
56 9.19794 9.97373 0.934614
57 10.665 14.5 -1.62992
58 15.5602 8.96637 -0.925418
59 14.0676 18.3396 -0.724696
60 11.4194 17.0831 -2.50436
61 12.3833 12.9895 -2.22198
62 5.00345 4.46627 -1.60097
63 1.68381 8.25573 3.01668
64 11.7169 9.65387 -2.58484
65 11.2022 15.7003 -0.231835
66 14.0433 12.5642 1.47123
67 11.2624 7.33319 -2.56388
68 15.8413 15.6752 -2.98254
69 9.21796 14.1968 -2.08587
70 19.5426 21.8207 2.82082
71 18.1017 8.84233 0.160243
72 13.3208 17.5321 -2.59789
73 3.57217 18.7868 1.14172
74 17.7021 4.76048 1.64811
75 5.45916 5.15778 1.35976
76 7.2569 4.3506 2.22689
77 10.1615 14.0917 -0.420466
78 9.42479 16.6251 -0.387543
79 3.71287 17.1893 -1.08201
80 15.9532 14.162 -1.40828
81 7.06039 11.0345 2.20484
82 5.46027 12.7156 -0.490509
83 2.81588 5.42794 3.00556
84 5.8321 7.38801 -1.81369
85 10.6476 2.87059 -2.35221
86 0.545562 4.07801 -2.77296
87 12.8966 2.31746 1.32656
88 14.9252 18.3653 0.137899
89 9.25164 7.86807 -3.00465
90 18.9949 6.75234 -1.42742
91 7.48035 10.8948 -1.46038
92 17.8899 11.4703 1.33086
93 13.6635 11.8095 -1.23637
94 2.93902 7.07042 1.3104
95 15.4489 6.55071 2.4597
96 10.8662 -2.49504 -1.14985
97 7.44168 0.663448 -3.061
98 9.20102 20.6724 0.191936
99 14.7521 8.36363 1.09346
