100
Particles
0 -0.452609 -4.19733 -1.98867
1 35.8931 6.41026 0.191521
2 36.9409 16.1766 -0.0482543
3 -1.08466 23.6283 2.70934
4 13.5005 17.7615 1.39217
5 1.2215 -5.00273 -2.0312
6 0.702797 -5.08665 -2.02592
7 13.2325 18.1795 1.39217
8 -3.51607 1.96998 -2.17338
9 -0.962861 33.1836 1.85024
10 23.1114 29.058 1.02302
11 6.56181 -8.4611 -1.61726
12 13.5546 18.293 1.39217
13 -0.477979 32.1057 1.85509
14 14.108 17.6988 1.39217
15 12.3302 32.1801 1.29527
16 11.7516 33.8322 1.77661
17 10.9722 33.8001 1.77661
18 -7.81223 13.2262 -3.13365
19 22.0971 27.9693 1.05063
20 -9.92409 0.810395 -2.63252
21 0.457503 -12.0471 -1.71767
22 6.66692 -13.7178 -1.52973
23 -13.8776 13.1965 2.66752
24 26.9701 10.8173 0.401628
25 22.2171 28.8154 1.03405
26 0.557295 -6.11796 -2.02907
27 -0.176752 -10.9165 -1.71767
28 -0.787329 33.0214 1.85125
29 -0.400864 -11.4199 -1.71767
30 27.9515 -0.210911 -0.689808
31 26.3424 11.1052 0.401628
32 -12.1678 16.5625 2.63999
33 -3.88745 1.30692 -2.17338
34 -14.6586 7.30304 2.69836
35 -4.11127 6.86699 -2.63365
36 21.4183 29.0807 1.03515
37 22.1137 29.5723 1.02649
38 23.6825 30.7066 1.01719
39 13.2323 32.2974 1.29527
40 -0.0805467 32.9906 1.85177
41 5.89808 -9.49574 -1.61726
42 -0.185365 -5.10546 -2.00698
43 -4.14315 0.966575 -2.17338
44 21.438 30.0411 1.03038
45 13.4387 31.9636 1.29527
46 18.9161 26.1639 1.09642
47 14.0359 18.4988 1.39217
48 8.87441 22.4238 2.24929
49 10.9721 33.8154 1.77661
50 5.93463 -15.1076 -1.53178
51 22.817 29.9953 1.0211
52 11.3878 34.2213 1.77661
53 0.322374 35.0044 1.845
54 22.997 29.8218 1.0211
55 -3.94199 7.45261 -2.63365
56 20.8211 -10.8461 -1.5126
57 23.1763 29.9205 1.01945
58 12.0531 34.2809 1.77661
59 -0.168269 -12.3449 -1.71767
60 0.927999 -4.98892 -2.03006
61 -7.88209 12.5538 -3.13365
62 -13.7848 14.1196 2.66752
63 21.2628 28.1275 1.0489
64 19.9057 26.239 1.09642
65 1.13274 -5.6446 -2.03018
66 -12.9847 28.1394 2.58822
67 -13.0264 13.5472 2.66752
68 1.6373 -5.33624 -2.0312
69 6.199 -13.7182 -1.53028
70 5.64167 -14.2064 -1.53122
71 0.67845 32.0464 1.86377
72 13.6267 16.849 1.39217
73 0.460942 -11.5303 -1.71767
74 26.4639 11.3968 0.401628
75 -4.36549 2.29711 -2.17338
76 12.9963 18.5445 1.39217
77 0.116054 -12.4441 -1.71767
78 -5.54176 28.9585 1.97642
79 -6.06358 28.4828 1.97642
80 21.4039 27.3382 1.0554
81 27.3647 11.0292 0.401628
82 11.8236 33.4227 1.77661
83 20.754 27.0423 1.05931
84 12.5367 17.7508 1.39217
85 -4.10681 2.20306 -2.17338
86 22.4167 30.5057 1.02087
87 13.8407 18.781 1.39217
88 6.02362 -8.53557 -1.61726
89 -11.6828 16.5392 2.63999
90 32.9648 20.6425 0.595294
91 -0.906508 31.7541 1.85556
92 5.93604 -9.02993 -1.61726
93 -6.13711 28.4973 1.97642
94 5.21997 -9.05956 -1.61726
95 -1.59709 32.853 1.84985
96 0.0920357 31.8959 1.86094
97 22.762 27.2868 1.05558
98 0.238824 -5.3431 -2.02437
99 -0.288202 34.3579 1.845
