100
Particles
0 11.8768 7.00257 -0.0150509
1 12.6466 16.5156 -1.64222
2 15.2123 0.862798 0.509439
3 10.8363 7.53322 -2.59067
4 11.5749 10.8982 0.298029
5 3.07481 14.7382 -3.10594
6 -0.934736 4.53083 2.10527
7 9.58338 21.234 -2.01719
8 9.05018 10.3482 -3.02678
9 11.6283 2.59153 -1.64184
10 12.7124 1.92634 -1.94971
11 7.60383 20.0461 -1.70302
12 9.05624 17.3028 -1.18472
13 17.7764 4.14177 -0.278261
14 4.12966 21.2094 2.23252
15 21.9878 13.8224 -1.54238
16 1.59745 3.11756 2.13702
17 18.6412 16.7769 3.14027
18 -1.12338 19.1505 0.72563
19 7.32313 8.41282 1.57844
20 8.78503 6.54005 -0.951936
21 19.7517 20.866 -1.05076
22 13.9332 11.7439 -0.673987
23 4.86727 2.05816 -2.93555
24 -0.844484 9.64215 -1.51592
25 2.52185 8.09006 2.46485
26 1.30713 7.97157 -0.0760002
27 17.0712 14.2095 -1.09507
28 12.1357 8.47908 1.70514
29 0.423875 12.2181 1.79808
30 9.31082 7.19843 -2.38184
31 0.720726 9.41657 2.72558
32 9.29867 9.12409 -0.726969
33 6.47628 20.0614 1.71251
34 15.9096 16.5247 2.4077
35 4.6085 8.00041 -2.51892
36 20.1396 8.96003 2.47169
37 8.84647 16.8056 0.0947717
38 5.20188 4.41424 -1.15766
39 4.48782 16.5583 1.06948
40 5.63682 21.6381 2.99717
41 23.4765 2.59781 1.28342
42 8.53829 9.29598 1.93936
43 -0.380964 12.6673 -1.83177
44 19.6616 5.69185 -0.794834
45 1.35843 8.10706 -2.77375
46 10.9139 4.91002 0.816087
47 8.92682 16.5026 -0.961555
48 4.10129 18.5455 3.02861
49 18.1945 5.91526 -0.714394
50 10.9525 4.31038 1.16718
51 14.0441 3.68572 -2.93782
52 0.641719 19.8854 0.958102
53 2.52689 16.0034 2.65111
54 6.07068 24.9839 0.564892
55 4.7875 9.59585 -2.35638
56 8.80417 11.9083 -2.15446
57 10.5503 11.7971 0.801376
58 15.1583 10.3348 2.75118
59 13.4582 21.3654 1.05812
60 13.0229 17.0608 1.16712
61 12.2657 13.2237 -2.36127
62 3.62237 5.82724 2.33655
63 2.73289 10.2476 0.404903
64 10.1472 9.38169 -0.601326
65 12.6952 15.8811 2.85027
66 12.5982 12.4043 1.94895
67 11.0523 9.04207 0.259598
68 15.3362 15.6667 1.84964
69 9.4671 14.9289 2.3369
70 18.4935 23.6918 2.67973
71 16.3568 7.98955 -0.847423
72 13.5229 17.8174 2.38145
73 4.20601 17.8848 0.0777054
74 16.3083 5.45519 -1.37674
75 4.86897 4.69889 -1.32303
76 8.57106 4.35049 0.528466
77 10.5416 15.5848 -0.490457
78 7.43833 17.5599 1.04422
79 3.20356 18.1646 2.20182
80 18.2322 16.1509 2.94733
81 5.721 9.2828 -1.99214
82 5.72019 12.4708 1.45746
83 3.74452 5.75854 -1.34986
84 6.5852 10.1719 -0.501667
85 11.3386 3.16746 0.984529
86 0.418184 4.15917 2.97851
87 12.3519 3.43648 -3.10028
88 15.4091 20.4855 3.11669
89 8.31731 8.67273 -2.14538
90 19.144 6.86337 -0.112929
91 8.28053 9.71526 -0.202247
92 18.3858 9.12375 -2.36243
93 16.3923 10.281 0.593465
94 2.8584 6.18959 2.28604
95 16.9395 7.41086 2.24756
96 11.1682 -0.396139 -3.33304
97 6.44214 -1.15754 2.94547
98 9.10334 19.9004 -1.87518
99 13.6084 8.97415 2.8145
