100
Particles
0 13.7584 5.51861 -1.51978
1 15.4148 16.3253 0.353582
2 16.4586 0.31883 -1.13595
3 12.9669 8.23889 -0.956296
4 10.4762 8.62702 -1.23888
5 2.00924 13.5924 -2.09654
6 0.3237 5.26286 0.585679
7 10.9609 20.2564 -2.84789
8 9.04628 8.82866 -2.36609
9 11.1041 5.35577 2.59095
10 12.0967 3.21003 2.05932
11 8.10032 20.1768 1.59922
12 8.91905 17.6971 -2.10584
13 20.7905 5.94919 -1.19566
14 3.99644 19.9199 3.03384
15 22.9409 13.8675 -0.193939
16 1.07364 3.05844 2.69913
17 16.6829 19.3559 1.46203
18 -0.249597 19.9631 0.830061
19 7.58777 9.0628 -1.73063
20 8.38295 7.69721 3.0034
21 18.4149 20.4254 -2.03549
22 13.4056 11.0133 -2.52405
23 6.40051 0.954164 -2.80804
24 0.139897 10.0082 -2.3114
25 3.28786 9.91458 0.915567
26 0.884744 8.23747 -2.29522
27 15.1147 13.7513 -1.41337
28 12.3289 10.2931 2.63234
29 -1.19552 12.8352 -0.360877
30 10.278 8.99598 -0.61169
31 0.97683 8.85201 -2.95917
32 7.7656 9.89262 -1.15356
33 9.04566 19.7782 2.53088
34 17.5525 13.939 -0.267481
35 4.11294 6.14736 -3.088
36 20.3123 11.0713 1.64954
37 8.26409 16.6661 0.226561
38 7.54395 0.755771 -2.99981
39 1.62054 16.7083 0.575933
40 6.64095 22.3213 -0.761438
41 23.3681 3.14575 -0.974566
42 9.50914 7.16241 -1.08208
43 -2.68031 11.9442 2.22151
44 20.2842 4.34126 1.51622
45 2.72892 8.64023 1.87932
46 12.089 3.98934 -0.475034
47 11.2537 15.5984 -0.78997
48 5.46997 20.1447 2.38118
49 20.2221 7.98262 2.49431
50 11.9484 5.52485 1.28034
51 13.1515 3.3782 2.54565
52 0.711073 20.7006 2.03213
53 3.38492 13.6766 -2.57493
54 5.34776 24.184 0.00780284
55 3.23359 7.47061 -0.356071
56 6.91433 13.4092 -2.75023
57 12.2992 9.24359 -0.39927
58 14.4078 8.81256 2.89061
59 12.4845 21.9885 -1.50713
60 10.4258 16.7471 0.600503
61 14.3585 14.2289 0.381489
62 5.42326 4.61365 -1.27297
63 1.80759 11.4924 1.77514
64 9.24741 10.0626 0.864494
65 13.1552 15.1018 2.72126
66 13.2039 13.0445 0.956369
67 9.98217 8.70225 -3.04304
68 15.0836 15.7663 -2.31799
69 8.97993 16.6515 1.57364
70 18.4441 22.9696 -2.35298
71 17.4366 7.93026 0.396869
72 12.9577 19.2743 -1.80688
73 4.91653 15.5827 3.12829
74 15.8352 4.11861 -1.83064
75 6.4577 5.35054 0.977764
76 7.6403 6.25048 -0.909896
77 13.6925 15.4728 -1.7464
78 8.36511 17.7679 2.26071
79 4.70715 17.2379 -0.766392
80 17.7901 15.0449 2.69881
81 1.14349 11.3672 2.36563
82 5.53757 10.888 0.517795
83 4.53337 7.23715 0.743146
84 7.2201 11.0634 -0.266068
85 12.2952 2.50979 1.13112
86 2.24001 5.58388 2.02456
87 12.4179 4.69886 1.69766
88 16.383 19.6705 0.745324
89 7.6904 9.37796 2.96288
90 19.5099 7.80179 -1.06361
91 7.04524 10.1404 -0.739719
92 19.2683 9.34608 -0.153667
93 17.6247 8.75582 0.413857
94 4.11709 8.94495 1.44949
95 17.4594 7.9497 0.945947
96 12.637 0.0674903 0.302768
97 7.26201 -0.00195866 0.899398
98 7.51588 19.7757 2.14622
99 14.0913 9.87029 -1.39172
