100
Particles
0 14.1064 5.83825 0.056486
1 14.7514 16.3043 -0.230486
2 16.1668 0.442859 -0.0843099
3 12.6686 8.55446 -2.69662
4 10.9507 9.36239 -1.62235
5 3.14448 14.0108 -1.3058
6 0.0251567 5.77822 -0.13684
7 10.6757 19.9303 -2.35127
8 9.80518 8.76149 0.636916
9 11.9692 5.28241 -1.3303
10 12.9395 2.6402 2.9657
11 7.48436 19.4978 2.16891
12 8.69869 18.1773 -3.12623
13 20.3216 5.57147 -0.317251
14 4.94775 20.344 1.98409
15 22.9931 14.1717 -1.25634
16 2.41785 3.56576 -0.869893
17 17.1474 19.4353 0.964727
18 -0.607992 19.4108 -0.207062
19 7.69598 9.35109 -2.88384
20 8.29481 7.25401 1.1231
21 19.041 20.9177 -2.40642
22 13.513 11.8521 -1.89096
23 5.81722 0.984852 -0.0902274
24 -0.0268734 9.77515 1.08607
25 3.88245 8.73892 -1.72731
26 0.688945 8.27183 1.36217
27 15.6748 14.0581 1.7824
28 12.4879 10.0294 3.04716
29 -1.20529 12.7437 -2.32846
30 10.6786 8.54459 -0.927464
31 1.55514 9.01468 1.99741
32 7.59053 10.3911 -2.2431
33 8.71195 19.7451 -1.28181
34 17.3155 14.5235 -1.08904
35 3.88677 6.14624 -0.997185
36 20.6196 10.4232 1.65642
37 8.04436 15.9671 -2.95287
38 6.66322 0.665823 -1.71581
39 2.31978 16.5519 -2.6147
40 6.68469 22.638 -0.634462
41 23.2844 3.66991 -1.51252
42 9.08424 6.80299 -1.20198
43 -1.82421 11.928 1.61558
44 19.5854 4.44012 -3.06659
45 2.00512 8.54662 -1.7868
46 11.6228 4.48489 -0.398141
47 11.523 16.7079 0.743222
48 5.14157 19.6392 1.28672
49 19.9766 7.58654 -0.930614
50 12.1847 5.68732 -1.9276
51 13.9054 3.19613 1.00428
52 1.32866 20.3798 1.77059
53 2.77751 14.3945 0.707902
54 5.83831 24.0622 1.69181
55 2.95684 7.46325 2.31759
56 6.81955 12.8665 2.87655
57 11.4658 10.3068 2.18168
58 14.959 9.62418 -1.19984
59 12.733 22.5018 1.85085
60 10.8952 16.9883 2.92609
61 13.9743 14.1178 -1.13684
62 5.0454 5.48036 2.01963
63 2.08956 10.6417 1.592
64 9.56131 9.91316 -3.06746
65 13.8048 15.9479 -0.677984
66 13.3006 12.4667 -0.27078
67 10.0818 8.50155 -3.05314
68 15.703 16.8889 0.753689
69 8.76414 15.5539 -2.20107
70 18.2155 23.0153 0.522908
71 15.9212 8.05389 2.57478
72 13.3767 19.5485 -1.33421
73 5.04833 16.2636 -2.11594
74 15.2679 3.74828 0.923309
75 6.43146 5.55168 -1.84738
76 7.64821 6.81141 0.835397
77 13.47 16.5866 1.04861
78 8.05672 17.4344 1.04108
79 4.73607 17.1309 -0.0991087
80 18.0712 14.8859 -0.50162
81 2.17531 10.9235 -2.91169
82 5.20061 11.3048 2.74533
83 4.47604 6.1303 0.773189
84 7.44707 10.8419 -2.53826
85 12.5947 2.24537 1.29333
86 1.53714 4.80846 -0.274856
87 12.7054 4.26357 2.80835
88 15.8593 20.2353 -0.425705
89 8.55472 8.68472 3.07134
90 19.1043 8.0165 2.77339
91 6.48982 10.8945 2.25476
92 18.3556 9.37618 1.42901
93 17.551 8.24188 -2.04086
94 3.83047 8.85334 1.48643
95 17.0785 6.64875 0.14909
96 11.9653 0.30799 3.09131
97 6.98095 -0.23245 -0.103288
98 8.45931 19.538 -0.281265
99 13.6029 10.2919 -0.603915
