100
Particles
0 10.6616 7.40474 -2.5751
1 14.5097 19.4577 1.3912
2 14.3789 3.37961 0.838371
3 9.60726 4.14997 0.493723
4 10.7754 8.61748 -0.0335023
5 5.38863 14.0377 -2.26345
6 -0.14493 3.20475 -0.349896
7 11.7473 20.5674 2.03114
8 8.79595 7.61915 0.233514
9 11.5498 1.83892 -2.03513
10 10.4853 3.33859 -2.62671
11 9.40288 20.0364 -2.04216
12 7.8772 17.2001 1.58926
13 16.5381 2.80387 -1.29781
14 3.29543 16.9837 2.16791
15 20.2888 14.9232 -2.59032
16 3.61763 2.94162 1.39643
17 17.4144 15.1838 2.70356
18 -0.803824 16.7438 -0.189444
19 10.093 8.22706 -1.90016
20 6.90929 4.83338 -1.44732
21 18.9924 18.7696 0.311358
22 15.3778 13.1896 -1.28318
23 5.98466 4.34441 -1.7208
24 0.0830419 10.2882 1.43922
25 5.04701 8.19485 -2.67
26 1.3214 10.6351 -2.27988
27 17.5752 14.5647 2.73577
28 14.6399 6.27626 0.876833
29 1.03312 12.1146 -1.51212
30 9.58287 9.37709 2.4956
31 2.00024 8.27298 -2.105
32 8.48784 10.5931 2.28107
33 6.85577 18.8585 -2.88137
34 14.4345 15.2391 1.37491
35 0.381681 4.96831 -1.28445
36 19.1862 7.88113 -3.00961
37 11.5853 17.2348 -1.1662
38 4.08296 3.11231 -1.87733
39 4.56475 12.3903 1.65039
40 3.98167 19.1299 2.48143
41 17.3527 0.104241 -3.36322
42 11.1346 9.35018 -1.04965
43 2.76919 12.0404 2.25608
44 17.518 6.98722 1.44124
45 3.57565 8.06954 2.67685
46 10.7015 6.68089 -1.24647
47 9.00016 16.6105 -2.60666
48 6.64396 16.5018 -1.99076
49 18.0436 6.28057 2.07292
50 11.7265 5.62472 2.71896
51 10.4213 3.5099 1.44885
52 1.13323 18.7383 -2.29579
53 3.98403 16.1459 -1.89828
54 5.33661 22.3769 2.09207
55 5.98535 8.24872 -2.13737
56 9.13951 9.82446 -3.1395
57 11.3315 14.2161 1.10241
58 14.8852 8.23603 1.99714
59 14.5404 18.3033 0.093217
60 12.7584 17.8309 -0.044647
61 12.7415 13.3719 1.58969
62 4.85398 5.0418 0.75128
63 1.96444 8.14847 2.47557
64 12.0028 9.46711 2.62454
65 11.0663 15.4133 1.21093
66 13.592 12.2662 2.91536
67 11.6756 6.89183 -0.878794
68 15.8669 15.1069 0.838087
69 9.66 15.5203 -2.04096
70 19.4453 20.6953 1.10296
71 18.6638 8.44273 0.00399321
72 13.3959 17.9036 1.90849
73 4.19293 18.75 -2.8654
74 18.3933 3.83912 0.177734
75 5.27671 4.66411 1.38798
76 7.87261 5.07961 1.52927
77 9.52867 14.0507 -2.27112
78 9.81134 15.2076 -0.863056
79 3.23037 17.2832 2.46685
80 15.7892 14.5127 -2.22206
81 7.82048 10.4006 2.2627
82 4.67297 12.3441 -1.1793
83 2.24166 4.79449 0.914761
84 6.08928 7.12461 2.26832
85 10.5428 2.74889 -3.12061
86 0.933938 4.63815 -0.880133
87 12.9869 2.40961 -0.102406
88 14.2653 18.2385 2.11128
89 10.3661 7.86133 -1.55796
90 18.5376 6.68561 -0.359155
91 6.97823 10.8669 1.42526
92 16.8611 10.3132 -2.91518
93 13.5769 11.8178 1.98443
94 3.18403 6.18236 -0.30607
95 15.6401 6.25229 -2.84809
96 9.95777 -1.76114 -0.440958
97 6.48839 0.751633 0.887565
98 9.38453 20.5098 -0.417105
99 14.1963 7.48403 -1.56128
