100
Particles
0 10.7341 7.30258 1.13778
1 14.6808 19.653 -1.20387
2 14.4064 3.72031 1.51182
3 9.91059 4.29771 0.33478
4 10.6693 8.47411 0.413162
5 5.57525 14.2424 -1.62091
6 -0.397773 3.47828 2.86113
7 11.6633 19.824 -1.66277
8 8.7962 8.18556 1.7082
9 11.6877 2.30948 1.09004
10 10.4235 3.38692 2.788
11 9.3039 19.6242 -2.10555
12 7.11321 17.392 -2.61877
13 17.3007 2.83107 -0.754309
14 3.7495 17.1021 0.02325
15 20.3604 15.0392 1.78057
16 3.36929 3.00963 -2.46037
17 17.8217 15.1616 0.264311
18 -0.57243 16.9806 1.27083
19 9.53055 8.58157 1.37621
20 7.28773 4.62965 -2.02055
21 19.5749 18.2911 -1.25245
22 15.4886 13.1721 -1.94821
23 6.15918 3.62245 -1.43421
24 -0.564031 10.1173 3.12303
25 5.26453 8.8314 0.106278
26 1.13574 11.0901 0.417829
27 18.0211 14.5523 -0.232013
28 15.2965 5.9743 -1.36348
29 0.459582 12.541 2.59906
30 10.3583 9.3965 0.554499
31 2.21423 8.16465 -1.89555
32 8.44608 10.0564 -0.421577
33 6.87379 19.106 -0.150696
34 14.1543 15.0816 -1.54632
35 0.54326 4.60141 2.78884
36 19.3853 7.74102 0.0463913
37 11.979 17.2834 -1.64161
38 4.44938 2.84898 -0.0824459
39 4.43202 12.9691 2.94787
40 4.681 19.1696 1.52014
41 17.38 0.601048 1.51009
42 11.2953 9.12432 -2.53141
43 2.07872 11.3619 -2.03909
44 18.0108 7.75528 0.398652
45 3.8503 8.00723 -0.962099
46 10.6242 6.88726 2.95984
47 9.15983 16.1148 -0.654899
48 6.61877 16.4781 1.86873
49 18.5776 5.79266 -1.08314
50 11.7265 6.0829 2.22771
51 10.2088 4.15048 0.683049
52 1.73922 19.1808 0.830655
53 3.6912 16.0427 1.76702
54 5.40752 21.8538 -1.25753
55 6.07758 7.9985 -2.24157
56 9.05574 9.91121 -2.40365
57 11.3979 14.3983 0.700627
58 15.0794 8.36911 1.67107
59 14.2016 17.8119 -1.21392
60 12.2955 18.0273 -2.84055
61 12.8677 13.31 0.542592
62 4.48693 5.0668 -2.48005
63 2.13918 7.84222 -1.3276
64 12.0723 9.6519 1.78184
65 10.8312 15.6094 -2.94004
66 13.7333 12.6291 2.67434
67 11.9409 7.39338 1.53662
68 15.9093 15.6392 1.97172
69 9.45184 15.403 2.98398
70 19.4335 21.2096 -2.43495
71 17.7374 8.7455 2.68943
72 13.5555 17.9441 -2.59785
73 3.7301 18.7611 2.67846
74 18.226 3.82594 -0.302672
75 5.31892 5.04216 2.99593
76 8.02686 4.45561 -2.93819
77 9.50901 14.4432 2.4711
78 9.70699 15.9339 1.41009
79 3.35935 17.2916 0.783449
80 15.7776 14.9397 0.779719
81 7.5243 10.3915 0.459228
82 4.56993 12.7637 1.45905
83 2.80391 4.60418 -0.0848704
84 5.90255 7.22919 -2.63633
85 10.7953 3.2237 0.199264
86 1.17455 4.22595 -2.75432
87 13.0497 1.97327 -2.71471
88 14.5506 18.7746 1.7515
89 10.2105 8.08951 2.87041
90 19.2193 7.21513 1.18255
91 7.21883 11.1484 0.230471
92 16.6412 10.5689 0.893126
93 13.9181 11.2384 0.0630351
94 3.18957 6.8043 -0.239334
95 15.9831 5.85413 -1.5187
96 10.1895 -1.89715 -2.10141
97 6.64246 0.725165 -2.47113
98 8.90129 20.5021 -2.39593
99 13.8064 7.7968 2.65567
