100
Particles
0 0.99994 2.11875 -1.76022
1 29.512 5.17297 0.191521
2 30.4485 16.4902 -0.0482543
3 4.81751 20.9054 2.70934
4 12.3456 11.3649 1.3922
5 4.14195 0.80424 -2.03725
6 3.61643 0.723698 -2.03725
7 12.0776 11.7829 1.39214
8 0.16798 7.32514 -2.17338
9 0.463453 26.8588 1.60854
10 19.6516 23.5555 0.993873
11 6.86373 -1.96812 -1.61726
12 12.3997 11.8965 1.39215
13 1.56971 25.9467 2.04069
14 12.9532 11.3023 1.39226
15 10.5618 25.9253 1.29527
16 13.0799 27.4694 1.77661
17 12.3005 27.4373 1.77661
18 -1.31244 13.2779 -3.13365
19 19.0249 22.2433 1.14208
20 -4.24832 3.9783 -2.63252
21 1.40877 -5.6171 -1.71767
22 6.09539 -7.24739 -1.44559
23 -8.09444 10.2291 2.66752
24 20.9873 8.2763 0.401626
25 18.8496 23.2562 0.993154
26 3.47637 -0.310307 -2.03725
27 0.774512 -4.48651 -1.71767
28 0.765124 26.717 1.60854
29 0.5504 -4.98991 -1.71767
30 22.9376 3.92562 -0.689808
31 20.3596 8.56427 0.401296
32 -6.46854 13.4371 2.63999
33 -0.203402 6.66208 -2.17339
34 -8.78665 4.51545 2.69836
35 1.56809 10.0284 -2.63365
36 18.0117 23.5457 0.992768
37 18.6638 24.0638 0.993299
38 20.188 25.2261 0.994741
39 11.4639 26.0425 1.29527
40 1.68295 26.7355 2.04066
41 6.20001 -3.00276 -1.61726
42 2.68552 0.724855 -2.03725
43 -0.459096 6.32174 -2.17339
44 17.9977 24.5268 0.992691
45 11.6704 25.7088 1.29527
46 15.947 20.3817 1.09642
47 12.881 12.1023 1.39217
48 12.9539 17.3635 2.24929
49 12.3005 27.4526 1.77661
50 6.63058 -8.72366 -1.87285
51 19.3397 24.5039 0.993926
52 12.7161 27.8584 1.77661
53 2.08242 28.7472 1.845
54 19.5196 24.3305 0.993926
55 1.73738 10.6141 -2.63365
56 20.443 -4.35707 -1.5126
57 19.6919 24.4336 0.994239
58 13.3815 27.918 1.77661
59 0.782994 -5.91493 -1.71767
60 3.84754 0.818503 -2.03725
61 -1.3823 12.6054 -3.13365
62 -8.0016 11.1523 2.66752
63 18.2233 22.3858 1.14208
64 16.9366 20.4568 1.09642
65 4.05248 0.162719 -2.03725
66 -7.45477 24.7233 2.58822
67 -7.24327 10.5798 2.66752
68 4.55776 0.470733 -2.03725
69 5.66954 -7.2446 -1.44559
70 5.21791 -7.72801 -1.44559
71 3.0199 25.9974 2.04082
72 12.4719 10.4525 1.39237
73 1.41221 -5.10025 -1.71767
74 20.4812 8.85588 0.401626
75 -0.681443 7.65227 -2.17338
76 11.8414 12.1479 1.3921
77 1.06732 -6.0141 -1.71767
78 -2.97692 22.9859 1.97642
79 -3.49874 22.5102 1.97642
80 18.406 21.5739 1.14208
81 21.3819 8.48817 0.401963
82 13.1519 27.0599 1.77661
83 17.7938 21.2587 1.14208
84 11.3818 11.3542 1.39211
85 -0.422768 7.55822 -2.17338
86 18.937 25.0158 0.993924
87 12.6858 12.3844 1.3921
88 6.32555 -2.04259 -1.61726
89 -5.98353 13.4138 2.63999
90 27.5829 16.9976 0.595294
91 1.22752 25.6284 2.04066
92 6.23797 -2.53695 -1.61726
93 -3.57227 22.5247 1.97642
94 5.5219 -2.56657 -1.61726
95 -0.1969 26.5227 1.60854
96 2.35059 25.8142 2.04078
97 20.2849 21.2952 1.22939
98 3.15094 0.467987 -2.03725
99 1.47185 28.1008 1.845
