100
Particles
0 11.57 6.75326 -2.70674
1 13.2843 18.5906 -2.15123
2 14.0778 3.6998 1.12372
3 10.6417 5.20314 1.49393
4 10.9945 8.76375 -1.14119
5 5.31469 14.357 -1.32416
6 -0.409292 3.90757 -1.2736
7 11.362 19.913 3.13966
8 9.09282 7.53691 -0.110418
9 11.5519 2.00609 3.09246
10 11.462 2.9761 -0.92917
11 8.66603 18.8274 -1.87872
12 7.84348 16.7399 2.58825
13 16.8373 2.866 -1.53483
14 3.57998 18.0682 2.66899
15 21.0119 14.1004 -1.85399
16 2.40547 3.0602 1.02766
17 16.9131 15.1535 -2.83137
18 0.0955649 18.0633 -0.403736
19 9.31973 8.28893 1.52531
20 6.69947 4.32565 -0.350228
21 19.7751 19.4075 2.15773
22 14.8041 12.6819 -0.849476
23 6.33157 3.84781 0.471761
24 -1.12547 9.72025 -1.28243
25 4.9478 8.32361 2.84204
26 1.20439 10.7523 -3.01834
27 17.5206 15.2783 -0.579968
28 14.039 6.0632 3.0297
29 0.639296 11.7952 -1.90559
30 10.5034 8.70598 2.84038
31 2.36486 8.72613 0.858169
32 9.032 10.2244 0.341042
33 6.38577 19.3091 0.942073
34 14.5739 16.3326 0.366968
35 1.44818 4.91851 -0.697636
36 19.3774 8.83417 -0.202355
37 11.1575 17.6641 2.30807
38 4.50171 4.03717 0.669011
39 5.93741 13.2873 -0.229568
40 4.81387 19.118 1.14024
41 18.5322 1.13088 1.44972
42 11.5003 8.62586 0.408129
43 1.64709 11.5004 -1.10583
44 18.7503 7.73768 0.500377
45 3.1823 8.31376 2.56284
46 9.51364 6.01207 -0.837822
47 8.55564 16.733 2.69149
48 6.32562 15.8041 0.508592
49 18.2351 6.11595 -3.08088
50 12.7583 6.68903 -1.75354
51 10.8761 3.1034 0.594469
52 1.26651 19.666 -3.0875
53 3.201 16.2471 1.2336
54 5.59841 22.7589 3.02245
55 6.18427 7.56365 -3.03361
56 9.17254 9.95169 1.20956
57 10.6601 14.6715 3.12639
58 15.9675 8.76806 0.256974
59 14.3594 18.1231 2.92706
60 10.9342 16.8198 -2.77964
61 11.7616 13.2255 -1.76921
62 4.8677 5.38926 2.31591
63 1.94683 8.71499 1.94535
64 11.1457 10.2816 2.50011
65 11.6783 16.1249 2.06554
66 13.3638 11.9785 -2.29124
67 10.5679 7.49626 3.12619
68 16.1349 15.7282 0.979216
69 9.1001 14.4113 -2.02298
70 19.031 21.4679 -0.983358
71 18.2944 9.03941 -2.69962
72 13.9271 17.1432 -0.490184
73 3.41812 19.1088 1.20107
74 17.7976 4.66928 -1.49103
75 4.93873 5.32427 1.53152
76 6.86225 4.04032 -1.66292
77 10.0278 14.889 1.56407
78 9.30514 16.7554 -3.1404
79 4.21431 17.3319 0.301228
80 16.2687 14.0921 -3.09836
81 6.94478 10.5603 -1.3916
82 5.90394 12.816 1.08446
83 2.87949 5.51171 2.09846
84 6.04048 7.41946 -0.503032
85 10.8146 3.31238 1.46153
86 0.811775 4.05064 2.3168
87 13.8429 2.10214 -0.191728
88 14.9989 18.5403 -0.0934795
89 8.84864 7.89822 3.03636
90 18.6431 7.2797 2.35177
91 7.85244 10.9124 -1.23721
92 18.0166 10.9208 -2.5332
93 13.5749 11.8935 0.0235418
94 2.93586 6.96413 2.60798
95 15.8994 6.43496 0.247231
96 10.7481 -1.84913 0.429936
97 6.81205 0.372036 -3.68241
98 9.39107 20.5041 -1.29164
99 15.1633 8.36147 -0.422395
