100
Particles
0 9.11818 6.70765 -2.85465
1 12.7751 18.4495 2.94633
2 15.2634 3.1778 1.37489
3 7.98204 3.40811 2.62144
4 10.3117 7.37146 2.87309
5 6.81708 14.3551 -2.61304
6 0.535241 3.94141 -3.01031
7 12.1592 19.7422 2.98472
8 9.66897 8.43203 -1.72193
9 9.38892 3.5793 -0.0718662
10 10.0605 2.45857 -1.30793
11 10.8549 19.5004 -0.898766
12 8.00178 17.5896 -0.0582983
13 14.7432 2.54053 -1.39096
14 3.4561 17.7906 -3.03313
15 19.9652 16.3065 -2.57613
16 4.35592 4.50642 2.88591
17 16.9497 14.7646 -1.67441
18 0.00203654 17.2036 2.738
19 11.2018 8.92219 -1.1071
20 4.56019 6.8567 -0.219879
21 19.4858 18.6441 -1.48861
22 15.1206 12.0087 1.74016
23 6.87377 5.14129 1.05999
24 -0.0631106 9.35844 -3.09775
25 4.80303 8.5063 1.72302
26 1.78607 10.7213 -0.69114
27 16.5524 13.2281 -0.949282
28 15.7514 6.67401 -2.68685
29 1.23606 13.411 -0.909199
30 11.5385 8.80472 -0.934847
31 1.22626 8.33446 -1.84598
32 9.01837 9.54041 1.57078
33 7.84557 19.2074 -3.06635
34 13.3098 16.3336 0.912729
35 0.392135 5.63642 -2.2142
36 19.8343 7.27648 0.985077
37 11.7295 17.8003 -0.502542
38 4.48639 4.76909 1.22946
39 4.73398 12.3438 -2.09262
40 3.5841 18.9056 -1.82788
41 18.2879 2.05947 -0.670515
42 11.578 10.2901 0.486151
43 1.58206 12.0684 1.74299
44 16.3171 5.92424 3.02557
45 2.3017 7.46616 2.08773
46 11.3712 6.49836 -2.91675
47 9.05323 15.5386 2.66006
48 5.99478 17.7774 -1.47657
49 17.3561 6.74268 2.03388
50 14.7392 5.89302 -0.969548
51 8.64558 1.65153 1.17837
52 0.392979 19.4601 -2.38487
53 4.25081 15.7234 -0.502458
54 6.249 19.4416 -0.374818
55 4.99912 7.67733 -0.860305
56 9.63696 11.108 3.00247
57 11.1882 13.8726 -3.05426
58 13.0466 7.20451 -1.7681
59 12.9031 17.4994 -1.12086
60 10.213 19.9074 0.0790968
61 12.0067 11.7389 -1.26854
62 4.58139 4.00851 -0.590114
63 1.59064 9.3453 -2.78406
64 12.6915 9.7555 -0.53173
65 10.2237 17.3444 1.0486
66 13.6161 14.8439 -1.9181
67 12.4511 7.25774 1.61782
68 14.9445 15.4006 0.12985
69 11.1002 16.5696 -0.371089
70 18.0957 19.5951 1.49789
71 17.6225 9.84366 0.0188349
72 13.7055 19.0739 -2.93134
73 6.75558 15.991 -1.79441
74 19.5517 5.90768 2.92198
75 4.8824 4.57777 -2.00851
76 8.36858 2.08838 -1.815
77 8.48609 16.342 2.20253
78 9.1349 15.3131 0.348005
79 3.41618 18.7081 -2.53797
80 15.7582 13.6807 -2.28774
81 7.26832 10.9139 -0.261562
82 5.40458 14.2713 -1.94321
83 0.919196 4.11081 -0.218975
84 7.91673 5.55564 2.83182
85 9.3424 1.79328 1.34267
86 1.24408 6.82195 -0.618228
87 14.6232 5.0926 -0.487779
88 14.0743 15.1227 -0.986276
89 10.9692 7.98776 -2.42334
90 17.1075 6.29285 -0.177436
91 6.90808 10.8895 2.32042
92 16.4985 9.96838 -1.5339
93 14.0957 11.6583 1.90074
94 3.8217 6.11338 -3.07415
95 15.2681 8.23516 -0.483953
96 9.48787 -0.279475 0.121724
97 6.55849 0.847443 2.91261
98 10.1531 19.7564 2.87367
99 12.7941 7.10767 -1.26704
