100
Particles
0 -0.252546 -3.73911 -1.95947
1 35.4023 6.31508 0.191521
2 36.4415 16.2008 -0.0482543
3 -0.630646 23.4188 2.70934
4 13.4117 17.2694 1.39217
5 1.44407 -4.555 -2.03528
6 0.922645 -4.63758 -2.0268
7 13.1436 17.6874 1.39217
8 -3.23268 2.38191 -2.17338
9 -0.825102 32.7029 1.84887
10 22.8508 28.6312 1.02142
11 6.58503 -7.96164 -1.61726
12 13.4658 17.801 1.39217
13 -0.337695 31.6258 1.85551
14 14.0192 17.2068 1.39217
15 12.1941 31.699 1.29527
16 11.8538 33.3428 1.77661
17 11.0744 33.3106 1.77661
18 -7.31225 13.2302 -3.13365
19 21.849 27.5352 1.05487
20 -9.48749 1.05408 -2.63252
21 0.530677 -11.5525 -1.71767
22 6.6463 -13.2182 -1.52882
23 -13.4327 12.9682 2.66752
24 26.5099 10.6218 0.401628
25 21.9615 28.3857 1.03448
26 0.778905 -5.66975 -2.03342
27 -0.103578 -10.4219 -1.71767
28 -0.649044 32.5409 1.85025
29 -0.32769 -10.9253 -1.71767
30 27.5658 0.107283 -0.689808
31 25.8822 10.9097 0.401628
32 -11.7294 16.3221 2.63999
33 -3.60406 1.71886 -2.17338
34 -14.2069 7.08861 2.69836
35 -3.6744 7.11018 -2.63365
36 21.1631 28.6507 1.03532
37 21.8546 29.1446 1.02519
38 23.4194 30.2814 1.01477
39 13.0962 31.8162 1.29527
40 0.0580108 32.5102 1.85097
41 5.92131 -8.99628 -1.61726
42 0.0245397 -4.65165 -1.99303
43 -3.85976 1.37851 -2.17338
44 21.1807 29.6124 1.02941
45 13.3027 31.4825 1.29527
46 18.6877 25.7191 1.09642
47 13.9471 18.0068 1.39217
48 9.18822 22.0346 2.24929
49 11.0743 33.326 1.77661
50 5.91522 -14.608 -1.53268
51 22.5556 29.569 1.01904
52 11.4899 33.7318 1.77661
53 0.457762 34.523 1.845
54 22.7356 29.3956 1.01904
55 -3.50511 7.6958 -2.63365
56 20.792 -10.3469 -1.5126
57 22.9142 29.4947 1.01724
58 12.1553 33.7914 1.77661
59 -0.0950951 -11.8503 -1.71767
60 1.15001 -4.54091 -2.03369
61 -7.38211 12.5578 -3.13365
62 -13.3399 13.8914 2.66752
63 21.0138 27.6939 1.05196
64 19.6773 25.7942 1.09642
65 1.35484 -5.19664 -2.0342
66 -12.5593 27.8766 2.58822
67 -12.5816 13.3189 2.66752
68 1.85987 -4.8885 -2.03528
69 6.1787 -13.2186 -1.52987
70 5.62193 -13.7068 -1.53164
71 0.823244 31.5678 1.86735
72 13.5379 16.357 1.39217
73 0.534117 -11.0356 -1.71767
74 26.0037 11.2014 0.401628
75 -4.0821 2.70904 -2.17338
76 12.9074 18.0524 1.39217
77 0.189228 -11.9495 -1.71767
78 -5.34446 28.4991 1.97642
79 -5.86628 28.0233 1.97642
80 21.1579 26.9029 1.05937
81 26.9045 10.8337 0.401628
82 11.9257 32.9333 1.77661
83 20.5097 26.606 1.06317
84 12.4478 17.2587 1.39217
85 -3.82343 2.61499 -2.17338
86 22.1551 30.0796 1.01875
87 13.7519 18.289 1.39217
88 6.04685 -8.03611 -1.61726
89 -11.2444 16.2988 2.63999
90 32.5508 20.3621 0.595294
91 -0.765975 31.2742 1.85617
92 5.95927 -8.53047 -1.61726
93 -5.93981 28.0379 1.97642
94 5.2432 -8.56009 -1.61726
95 -1.45953 32.3723 1.84834
96 0.235362 31.4169 1.86349
97 22.5162 26.8514 1.06226
98 0.457914 -4.89366 -2.02506
99 -0.152813 33.8766 1.845
