100
Particles
0 12.8708 6.69929 -1.27564
1 12.9814 15.7809 -1.70624
2 14.9429 0.288009 -1.74731
3 11.9423 7.73313 -0.0313413
4 11.7946 10.2394 -0.19002
5 2.09092 14.0843 -2.81901
6 -0.020012 5.734 1.01652
7 9.45659 21.1232 0.537187
8 8.87887 9.63503 -1.02314
9 11.4948 4.37358 -2.71058
10 12.3685 1.90502 -2.90115
11 6.79313 19.971 1.42079
12 9.4485 17.9613 1.60533
13 19.4599 5.05592 -0.406588
14 5.30261 20.3699 -0.212787
15 21.7745 14.2319 2.11267
16 2.28689 2.953 1.97657
17 17.5723 16.6943 2.21148
18 -1.21864 18.9678 2.11916
19 8.09942 9.32444 0.82
20 8.29618 6.38782 1.25143
21 19.3435 21.3691 2.09062
22 13.6845 12.7667 -2.07375
23 5.02046 2.36904 -0.569621
24 -1.57131 9.39893 -2.81141
25 3.29501 7.94777 -0.461197
26 1.13134 7.62893 3.13898
27 16.7073 14.491 0.108493
28 12.1994 8.16764 -0.543028
29 0.569585 11.9018 -0.0160467
30 9.22614 7.27477 2.45903
31 1.35521 8.98886 -0.684589
32 10.1128 9.2201 1.95621
33 6.20414 20.8722 0.955843
34 16.5673 16.3331 2.20291
35 4.78474 8.56949 1.78648
36 20.2026 9.67341 2.9188
37 9.41607 16.7475 -2.16036
38 5.11469 3.16861 -1.83552
39 3.93966 16.7391 1.54116
40 5.98545 22.2185 -1.18873
41 23.0974 2.98385 3.13806
42 9.02989 9.0315 -2.67118
43 -0.431989 12.4042 2.92992
44 19.5152 5.45867 -2.88311
45 2.12556 8.42146 -0.592241
46 11.7389 5.16861 0.969856
47 10.3405 17.0279 -0.639937
48 4.8742 17.7508 -0.334439
49 18.7708 5.67539 0.741651
50 11.5352 4.94169 1.19347
51 13.8583 2.66357 -2.25066
52 0.469779 19.5816 1.32382
53 3.17535 14.6632 -0.861721
54 6.38597 23.5671 -0.487887
55 4.01016 8.08839 -1.8687
56 9.43798 11.7588 0.726885
57 10.2218 11.2466 -0.801927
58 14.7806 9.29877 -0.736924
59 13.2858 22.0757 -2.36386
60 11.8251 17.5767 2.92366
61 12.3149 12.8098 3.04505
62 4.75905 5.88483 -0.538927
63 2.42949 10.544 -0.332836
64 10.1969 10.8613 2.817
65 13.0169 15.818 -1.37674
66 11.6641 12.1258 2.8548
67 11.837 9.33132 0.724843
68 15.1112 15.3349 -2.3666
69 8.48563 15.3533 2.325
70 18.2468 24.2632 2.6997
71 16.3035 7.50928 -0.835736
72 13.2541 17.9603 1.60619
73 4.27805 18.1237 -2.35224
74 15.6606 5.4614 -1.91212
75 5.73148 5.00874 -0.086306
76 8.51323 5.14099 0.553167
77 11.3839 15.3625 -0.981754
78 7.95102 17.5686 2.3376
79 3.32119 17.8598 0.131213
80 18.0375 16.6597 1.96707
81 4.99366 9.4637 -2.0179
82 4.97929 11.7749 1.49002
83 3.84937 5.64162 -1.35241
84 7.03718 10.7699 1.17671
85 12.6768 2.58042 -0.351325
86 0.533377 3.88186 -2.9601
87 12.0024 4.17847 2.67851
88 14.7723 20.22 2.56887
89 8.86335 8.48431 -0.429049
90 19.1425 7.05453 -1.41844
91 8.00579 9.87087 -2.09793
92 18.849 8.91947 -2.42221
93 16.5281 9.56068 2.96643
94 2.52028 5.75167 1.91313
95 17.0902 6.91504 1.1332
96 12.0093 -0.064708 0.9039
97 6.88627 -0.979622 1.1811
98 9.4696 19.8249 -0.59043
99 13.8644 9.51335 0.0716487
