100
Particles
0 10.234 6.51676 2.37331
1 13.3306 19.0128 -0.170016
2 14.1702 3.85463 1.59282
3 9.2019 3.60124 -0.524194
4 10.688 8.29414 -0.638873
5 6.03018 14.3193 1.71602
6 1.11178 3.62451 1.87233
7 12.212 20.6025 0.364025
8 10.1345 8.44575 -0.580596
9 11.3178 3.37976 -0.880537
10 10.4625 3.60846 0.458161
11 9.05888 20.1473 1.14609
12 7.84051 17.182 2.73973
13 15.8162 2.35809 -2.49155
14 3.10082 16.6253 -2.10076
15 20.4013 15.4375 -0.697323
16 3.91127 3.92542 -1.57791
17 16.4027 14.7472 -0.866794
18 0.0588062 16.0157 2.12318
19 11.9586 8.73657 -0.532227
20 5.82761 5.97633 0.989331
21 19.1982 18.452 0.287417
22 14.3818 12.5006 -2.28967
23 6.74046 4.3672 -1.35434
24 0.177864 9.26187 0.870422
25 5.26712 7.72103 -0.589194
26 1.99836 10.031 2.3245
27 17.7687 13.2058 1.09163
28 14.4581 5.90764 3.08494
29 1.17814 12.7093 -0.0643242
30 10.3411 8.78882 2.36018
31 2.09182 9.02337 -2.30958
32 8.60216 9.53404 -1.26654
33 8.54869 19.3378 -1.86371
34 14.0464 15.8259 -2.23418
35 0.812654 5.59341 -0.730328
36 20.0756 8.24313 -2.6042
37 11.6687 17.7995 1.36532
38 4.49473 3.10561 -3.00647
39 3.491 11.3888 0.342334
40 4.33488 19.0218 -2.05377
41 17.8581 1.18656 0.945392
42 10.8443 9.62271 -0.678795
43 2.81771 11.4114 1.85262
44 17.1175 6.00467 -2.65423
45 3.32695 7.07653 -2.63684
46 10.1685 7.55598 0.841647
47 9.61968 16.7405 2.26922
48 6.5444 17.5417 -1.40877
49 18.0884 6.13407 0.905443
50 13.0667 5.13888 0.6236
51 9.6912 2.07367 -0.276039
52 1.40371 19.4115 1.88605
53 3.60438 15.9386 2.61765
54 6.44186 22.1819 1.51713
55 5.76108 8.16555 -2.24703
56 8.29245 10.9625 0.293777
57 11.2806 13.7866 -0.623878
58 13.8559 7.34902 0.636881
59 14.4959 18.5391 -0.0707305
60 11.7137 19.215 -1.0757
61 12.9929 12.57 0.607847
62 4.2965 4.68093 -2.25537
63 1.93956 8.2006 0.263136
64 12.9492 9.92912 2.02776
65 11.6364 16.3097 -1.96037
66 14.303 13.0127 0.187382
67 10.8175 8.01912 -1.8628
68 15.2756 15.2778 0.121529
69 11.0989 17.1644 -0.413966
70 18.0376 20.8573 0.928749
71 17.5966 9.08488 0.0740258
72 13.5016 18.042 -1.79507
73 5.36321 17.4638 1.38163
74 18.3136 5.64787 -0.386143
75 4.94046 5.37814 -2.25245
76 8.29374 3.46608 -3.04583
77 9.42914 14.1949 -1.11862
78 9.16077 15.5368 2.78413
79 3.3832 18.6766 3.11421
80 15.7099 14.7478 -0.82292
81 7.69932 10.6943 -2.32926
82 5.90365 12.7169 -1.67656
83 1.73724 4.9041 2.02355
84 7.60554 6.46533 0.565042
85 9.97521 2.25853 -1.34607
86 0.944341 5.58494 -1.70367
87 13.411 3.43246 2.82025
88 13.5704 15.6074 2.51345
89 9.58037 8.47068 -0.330378
90 17.1231 5.93402 -1.41562
91 6.73125 10.5213 -2.09872
92 17.0166 9.77905 2.74352
93 12.966 11.1656 1.08862
94 3.61208 5.70154 -0.824154
95 15.6217 6.64857 1.6086
96 9.67639 -0.75281 -0.398095
97 5.73092 0.295109 3.49567
98 8.33017 20.8568 -2.64814
99 14.2723 8.40673 -2.47517
