100
Particles
0 -4.81543 -13.1952 -2.02497
1 45.7103 8.31378 0.191521
2 46.9292 15.6943 -0.0482543
3 -10.1649 27.8174 2.70934
4 15.2773 27.6024 1.39217
5 -3.17002 -13.9869 -2.02497
6 -3.68508 -14.0726 -2.02497
7 15.0093 28.0203 1.39217
8 -9.18383 -6.26874 -2.17338
9 -3.75149 42.7869 1.85395
10 28.2629 37.6289 1.03175
11 6.0973 -18.4503 -1.61726
12 15.3314 28.1339 1.39217
13 -3.27347 41.707 1.85396
14 15.8848 27.5397 1.39217
15 15.0507 41.803 1.29527
16 9.70799 43.6212 1.77661
17 8.92862 43.589 1.77661
18 -17.8119 13.1468 -3.13365
19 27.1864 36.5773 1.03259
20 -18.656 -4.0633 -2.63252
21 -1.00598 -21.9394 -1.71767
22 7.06795 -23.7098 -1.53075
23 -22.7748 17.7616 2.66752
24 36.1743 14.7264 0.401628
25 27.3433 37.4016 1.0321
26 -3.83234 -15.103 -2.02497
27 -1.64023 -20.8089 -1.71767
28 -3.57739 42.6243 1.85395
29 -1.86435 -21.3123 -1.71767
30 35.6652 -6.5748 -0.689808
31 35.5466 15.0144 0.401628
32 -20.9359 21.3709 2.63999
33 -9.55521 -6.9318 -2.17338
34 -23.6923 11.5916 2.69836
35 -12.8488 2.00321 -2.63365
36 26.5411 37.6688 1.03214
37 27.2566 38.1484 1.03187
38 28.848 39.2691 1.03156
39 15.9528 41.9202 1.29527
40 -2.87135 42.5932 1.85395
41 5.43358 -19.4849 -1.61726
42 -4.56045 -14.0976 -2.02497
43 -9.81091 -7.27214 -2.17338
44 26.5713 38.623 1.032
45 16.1593 41.5864 1.29527
46 23.4839 35.0597 1.09642
47 15.8127 28.3397 1.39217
48 2.59823 30.2091 2.24929
49 8.92855 43.6044 1.77661
50 6.33427 -25.0996 -1.53075
51 27.9728 38.5637 1.0317
52 9.34418 44.0102 1.77661
53 -2.3854 44.6308 1.845
54 28.1527 38.3902 1.0317
55 -12.6795 2.58883 -2.63365
56 21.4027 -20.8291 -1.5126
57 28.3361 38.4864 1.03164
58 10.0095 44.0698 1.77661
59 -1.63175 -22.2373 -1.71767
60 -3.46268 -13.9735 -2.02497
61 -17.8818 12.4743 -3.13365
62 -22.6819 18.6848 2.66752
63 26.3547 36.734 1.03256
64 24.4735 35.1348 1.09642
65 -3.25792 -14.6291 -2.02497
66 -21.4923 33.395 2.58822
67 -21.9236 18.1123 2.66752
68 -2.75421 -14.3204 -2.02497
69 6.59965 -23.7102 -1.53075
70 6.04169 -24.1984 -1.53075
71 -2.12938 41.644 1.85397
72 15.4035 26.6899 1.39217
73 -1.00254 -21.4226 -1.71767
74 35.6682 15.306 0.401628
75 -10.0333 -5.94161 -2.17338
76 14.7731 28.3854 1.39217
77 -1.34743 -22.3364 -1.71767
78 -9.48766 38.1471 1.97642
79 -10.0095 37.6713 1.97642
80 26.4802 35.9538 1.03277
81 36.5689 14.9383 0.401628
82 9.77998 43.2117 1.77661
83 25.8197 35.664 1.03291
84 14.3135 27.5916 1.39217
85 -9.77458 -6.03566 -2.17338
86 27.5729 39.0738 1.03169
87 15.6175 28.6219 1.39217
88 5.55912 -18.5248 -1.61726
89 -20.4509 21.3475 2.63999
90 41.2447 26.25 0.595294
91 -3.70266 41.3552 1.85396
92 5.47154 -19.0191 -1.61726
93 -10.083 37.6859 1.97642
94 4.75547 -19.0488 -1.61726
95 -4.38517 42.4564 1.85395
96 -2.71177 41.4948 1.85397
97 27.8425 35.8999 1.0327
98 -4.14782 -14.3296 -2.02497
99 -2.99597 43.9844 1.845
