100
Particles
0 12.8329 6.57635 2.39253
1 12.89 16.6201 0.665281
2 14.2907 1.40304 0.470993
3 9.63649 7.04202 0.119446
4 11.5528 10.2397 -1.26364
5 3.52939 14.0044 -2.76505
6 -0.888431 4.89918 2.10093
7 10.6811 20.8515 3.0288
8 8.98413 10.1178 -1.53079
9 12.4954 3.03297 -1.08891
10 13.8594 2.10436 1.63503
11 7.29857 20.143 2.00742
12 9.82833 17.8677 0.718568
13 17.0308 4.57683 0.966324
14 3.87325 20.0792 0.0444262
15 22.5657 14.047 1.96083
16 1.43881 3.0835 2.56687
17 17.6319 16.1217 -0.470888
18 0.138358 18.6341 -2.86214
19 8.07901 8.42021 2.50285
20 7.60177 5.76828 1.52468
21 20.3015 21.682 3.1085
22 12.83 12.059 2.14361
23 5.53989 1.67754 1.90352
24 -0.853708 10.1836 -0.123847
25 2.5123 8.44056 -2.47435
26 0.977277 8.7543 -2.97417
27 17.5056 14.1061 -0.998992
28 12.5634 7.51217 -2.28646
29 0.402706 12.1058 -2.15753
30 10.3472 8.23872 1.49515
31 1.47142 9.672 -1.24306
32 9.21807 10.2317 1.82425
33 5.83877 19.9685 -2.15621
34 16.5866 16.5374 0.210568
35 2.89626 7.04742 2.85412
36 19.597 9.23324 -1.13116
37 9.53162 18.039 -3.13479
38 4.96228 4.48078 -1.75833
39 4.63937 15.3359 0.0535925
40 5.28335 20.8755 -0.983924
41 21.7384 2.37533 2.12323
42 9.92988 9.03768 -0.718379
43 -0.67667 12.8732 2.18696
44 19.0852 7.33735 -0.16296
45 2.00438 9.19079 -2.2717
46 11.1042 4.13931 -3.01237
47 9.62646 16.9232 -2.92548
48 4.04164 17.2305 -1.65692
49 18.3286 6.2105 1.15482
50 9.86873 4.32595 -0.255973
51 14.5268 4.13975 1.17847
52 0.00383961 19.6152 -0.38988
53 3.06089 15.6083 -0.199607
54 6.50797 23.451 1.7121
55 4.59914 8.43584 2.79806
56 8.61093 11.2685 -0.891445
57 9.92416 12.713 0.250329
58 15.274 10.2101 -0.529778
59 13.3854 20.6479 1.11617
60 12.807 17.4955 0.922063
61 12.0833 12.7102 1.7995
62 3.76754 6.5004 -1.67791
63 2.3081 8.73307 -2.51934
64 10.4357 9.4411 -1.71228
65 13.281 15.8818 1.2825
66 12.801 12.9192 2.74914
67 10.0054 8.44313 -0.785467
68 15.7264 15.8128 -2.9532
69 10.5139 14.4259 -1.19958
70 18.6143 22.5991 1.35417
71 16.8597 7.41091 -1.72334
72 13.4405 17.3208 0.441549
73 4.38009 18.1866 -1.94984
74 16.3791 5.89361 -1.72571
75 5.05262 4.49392 1.96361
76 7.956 3.49829 -0.329391
77 10.5754 15.7931 -1.64021
78 8.14903 17.9299 2.52386
79 4.11251 18.4825 -0.622253
80 18.46 15.9517 0.755797
81 6.34331 8.4779 0.712196
82 5.13127 12.5646 2.51392
83 2.59059 6.5185 -1.90114
84 6.24518 9.33297 -1.15705
85 11.2215 2.23655 -1.77234
86 0.395499 4.20087 0.407521
87 12.6633 2.75362 -3.03266
88 15.7793 19.9428 -2.85263
89 8.66946 9.84848 2.73695
90 18.3489 7.13666 -1.34159
91 7.78303 10.4479 0.446636
92 17.5348 8.62869 0.849747
93 15.8371 11.8685 1.75616
94 1.77133 6.07217 1.6264
95 16.594 7.79546 1.08598
96 12.2911 -0.289343 1.95822
97 6.67534 -1.3169 1.12852
98 9.22985 20.3224 -0.57489
99 13.1854 8.51489 2.95196
