100
Particles
0 11.0115 7.28013 -2.54383
1 13.9628 19.5258 -2.88213
2 14.5443 4.38468 1.51272
3 10.2016 4.65166 0.676651
4 10.7434 9.11423 0.67681
5 5.51676 13.8984 -2.71445
6 -0.394477 3.63048 2.12674
7 11.9701 19.9633 0.690798
8 8.76274 8.06621 3.09606
9 11.501 2.50214 0.0251381
10 10.7252 2.73667 -0.804379
11 9.07136 19.5694 -2.88295
12 7.73464 17.0359 -0.567865
13 17.1585 2.57548 -1.65487
14 3.66546 17.4023 1.04335
15 20.4839 15.1207 2.63617
16 3.12726 3.0522 0.751947
17 17.7772 14.8599 -2.13186
18 -0.397697 17.4031 1.40545
19 9.76518 8.15167 -0.722109
20 6.80614 4.6219 -2.29041
21 19.5891 18.4637 -1.56342
22 15.2422 13.2017 2.95835
23 5.91935 3.44427 -1.66774
24 -0.154076 10.1782 0.881818
25 5.65568 8.84662 -0.00222128
26 1.17687 11.3657 -1.056
27 18.2536 14.5157 2.29748
28 15.1034 6.28997 -3.04237
29 0.446318 12.6341 2.37533
30 10.8419 9.27441 -1.5541
31 1.82368 8.4119 -2.56787
32 8.45994 9.92166 1.87753
33 6.63016 19.0327 -2.01956
34 14.0921 15.5534 0.29739
35 0.296688 4.57699 0.339326
36 19.3349 8.08485 -0.00191608
37 11.8819 17.6882 3.01261
38 4.34399 3.08449 0.905246
39 4.81161 12.9883 1.72924
40 4.89819 19.0648 -0.420455
41 17.4064 0.868016 1.75189
42 11.6576 9.26187 -1.38688
43 2.17392 11.0729 -1.3529
44 18.1336 7.80291 2.40141
45 3.74047 8.16854 2.05492
46 10.2017 6.8071 -1.53011
47 8.71704 16.5241 2.16617
48 6.37774 16.4708 -2.95641
49 18.7152 6.01895 1.09787
50 12.117 6.62603 1.55671
51 10.5052 3.5314 -0.528233
52 1.40226 19.1061 1.93274
53 4.22195 15.9427 -1.18876
54 5.96141 22.1108 -0.10823
55 5.6581 8.3174 -2.82781
56 8.92469 9.54529 3.11482
57 11.0143 15.0143 2.34474
58 15.472 8.80512 1.81432
59 13.9895 18.2688 -2.97387
60 12.094 17.3685 -2.091
61 12.5146 12.9408 -1.47208
62 5.0017 5.09663 0.595568
63 1.5812 8.14753 3.0221
64 12.2372 9.79076 0.837085
65 10.5277 15.9348 -2.43914
66 14.0304 12.5006 0.182192
67 11.4018 6.97153 -2.28137
68 15.7791 15.5569 -0.335038
69 9.4111 14.9943 -0.705124
70 19.7825 21.3451 1.26604
71 17.8228 8.58494 -1.24123
72 13.6387 18.1065 1.11733
73 3.74335 18.5139 -1.44098
74 18.2388 4.51972 1.60648
75 5.26035 4.94637 2.18408
76 7.84709 4.57041 -0.415391
77 10.127 14.1657 -0.347342
78 9.46276 16.5722 2.54422
79 3.4042 17.4602 1.87463
80 15.7669 14.6149 3.05412
81 7.3546 10.6479 1.04775
82 4.5752 12.6402 0.843164
83 2.95612 5.10566 0.730123
84 5.93858 7.38814 0.466387
85 11.0231 3.47765 -0.661541
86 1.04352 4.01709 2.87658
87 13.0982 2.0928 1.43957
88 14.5287 18.4902 -1.37306
89 9.47129 7.96338 -2.95666
90 19.2788 6.7065 -2.72657
91 7.1032 11.4862 2.73535
92 17.2004 10.8534 1.12005
93 13.6985 11.7917 2.92042
94 2.93388 6.63926 -1.39396
95 15.8308 6.26826 -2.83911
96 10.7301 -2.03264 0.0369729
97 7.29814 0.822669 0.189253
98 9.16633 20.5404 0.37105
99 13.8934 8.08293 1.67891
