100
Particles
0 12.9539 7.30968 1.58567
1 13.12 16.9703 2.44193
2 13.7516 1.87041 -1.01955
3 9.65734 5.86336 -2.14833
4 11.3373 10.0304 0.484445
5 3.3336 14.0315 1.29928
6 -0.622927 5.32429 2.85933
7 10.4798 20.8331 0.944884
8 8.59727 9.25194 1.32469
9 11.5573 3.04467 2.98295
10 12.9692 0.893513 -2.09935
11 9.06531 19.5224 -0.895374
12 9.46894 17.5898 -2.91945
13 15.7974 4.79949 -2.18165
14 2.97571 18.887 -2.39197
15 22.0652 13.3538 0.328959
16 1.25529 3.63302 -2.31206
17 17.6045 15.153 0.528167
18 0.222035 19.1774 0.814212
19 9.41887 8.35112 -1.12562
20 7.10791 5.41966 0.616594
21 19.9115 21.3475 2.24723
22 12.5956 11.2173 2.87308
23 6.29061 2.18362 -2.99667
24 -1.0416 9.8704 -2.87917
25 3.11256 8.16774 0.958993
26 1.46467 8.06272 -1.18968
27 17.6925 14.2145 2.41024
28 13.7417 7.49627 -0.89866
29 0.502692 11.9195 -2.00284
30 11.2238 7.90265 -1.50088
31 1.34163 9.177 -2.46759
32 9.28844 10.4733 -1.12661
33 6.47527 19.5338 0.966182
34 15.175 16.7652 2.23185
35 3.95438 6.27975 1.17924
36 19.989 9.39039 0.212481
37 10.7557 18.5354 -0.818619
38 4.14359 4.42466 0.433856
39 4.60485 14.872 -2.88763
40 5.21708 20.5619 -0.533463
41 20.0769 2.2151 -0.401742
42 10.8927 8.30058 -1.45008
43 0.14577 12.5949 -1.11277
44 18.4559 7.40816 1.04177
45 1.98643 9.8132 1.86915
46 10.4811 4.49973 -0.4434
47 10.0133 17.0797 -1.90401
48 5.78878 17.6066 -0.176877
49 17.4134 4.74836 1.77243
50 10.5775 4.76858 -2.92924
51 12.5083 3.92718 2.38056
52 0.765674 20.101 1.8653
53 1.91494 16.0844 -0.642002
54 6.80551 22.7395 -0.14206
55 4.30443 7.95327 0.146829
56 7.64753 10.6013 -1.34998
57 10.7111 13.7195 -1.79335
58 14.7815 10.6936 -3.09534
59 13.8507 19.7446 -1.80082
60 11.9992 16.3303 -0.917641
61 11.6766 13.4352 2.28988
62 4.37184 6.56211 1.6796
63 1.9849 8.65534 1.09119
64 10.8063 10.1345 2.02218
65 11.9973 15.3134 -1.57123
66 13.539 11.8571 3.12517
67 10.6255 7.77475 1.73122
68 15.7479 15.3557 2.29879
69 10.1832 14.9815 -2.07916
70 18.5673 22.0156 0.677567
71 18.7495 7.41994 -0.172667
72 14.0806 16.3208 2.46124
73 4.90015 18.4284 -2.73947
74 16.5531 6.17178 -2.23477
75 5.10879 3.42039 2.90302
76 7.52035 3.07776 -2.62945
77 10.1639 15.6459 1.27822
78 8.58403 18.1537 0.961975
79 4.12199 18.5504 1.05058
80 18.2776 14.8807 -0.755104
81 5.54823 9.68752 2.79795
82 6.28221 11.9965 0.876317
83 3.40596 7.36437 -0.894739
84 6.23018 9.24133 0.178129
85 11.1538 2.26137 2.52487
86 0.552414 4.51763 2.28362
87 13.6449 4.17863 -0.565124
88 15.5147 19.2179 -1.90979
89 9.89054 10.1697 0.0921777
90 18.9152 7.07128 1.98093
91 8.18255 10.5262 -1.15297
92 17.5672 9.72309 -0.323343
93 15.5905 11.0408 1.42485
94 1.86177 6.48952 -1.64514
95 16.1699 7.89298 1.16962
96 11.3141 -0.493664 0.509614
97 5.26439 -1.10836 -2.87991
98 8.22766 19.646 -0.879965
99 14.5933 8.76164 3.07196
