100
Particles
0 11.557 6.76627 -2.5483
1 12.6039 16.5224 -0.812987
2 15.2368 0.681064 0.922849
3 10.8302 7.54377 0.372767
4 11.0863 10.8391 1.82659
5 3.52409 14.5964 2.04072
6 -0.643978 4.50489 1.49106
7 9.84445 21.2619 1.78118
8 9.54357 10.4264 0.39634
9 11.7886 3.04627 2.74433
10 12.9071 1.93047 -2.40061
11 7.86261 20.1866 0.015894
12 9.19665 17.4479 0.88213
13 17.761 4.10143 -2.20681
14 4.43379 20.8125 1.00533
15 22.1759 14.2285 -1.44266
16 1.94448 3.03761 0.260548
17 18.692 16.6255 -1.15271
18 -1.08278 19.088 1.52542
19 7.52131 8.31768 -2.0108
20 8.45123 6.57978 0.0544544
21 19.8512 21.1946 -2.6261
22 13.5768 12.0912 0.619397
23 5.0039 2.33474 -2.94831
24 -0.628224 9.79373 -1.75813
25 2.5566 8.12545 -2.58113
26 1.30435 8.03223 -0.587914
27 17.1198 14.6213 -2.14884
28 12.3298 8.42291 -0.0761834
29 0.437039 12.2208 -1.28726
30 9.64336 7.56964 -0.862737
31 1.19895 9.33054 -1.18021
32 9.36006 9.3203 -3.10865
33 6.35071 20.0052 0.291495
34 16.0535 16.6037 -2.55115
35 4.67032 7.93995 1.18241
36 20.5456 8.66909 -1.16975
37 8.83287 16.8665 -1.44532
38 4.87031 4.73833 2.25939
39 4.16433 16.1936 2.14794
40 5.6776 21.7429 -2.23345
41 23.1658 2.28754 -2.2561
42 8.38861 8.99193 -1.0027
43 -0.536452 12.79 -1.91397
44 19.4129 6.10922 -2.73352
45 1.79908 8.05734 -0.777541
46 10.7529 4.97769 -2.28463
47 9.01617 16.7998 1.18347
48 4.49891 18.3168 1.65351
49 18.1941 5.91479 -2.09179
50 10.8074 3.83492 -1.78306
51 14.4957 3.87682 -2.06295
52 0.284871 19.8116 -0.319889
53 2.94279 15.7297 2.63759
54 6.10942 24.8429 1.41062
55 4.71616 9.74223 1.4992
56 8.70157 12.0482 2.75207
57 10.3096 11.8584 1.26275
58 15.1639 10.3475 -0.326467
59 13.5792 21.0916 1.70956
60 13.1189 16.9882 -0.190459
61 12.2098 13.3105 2.36505
62 3.61638 5.82128 -2.72284
63 2.54202 9.9022 0.266319
64 9.89205 9.27796 -2.04468
65 13.038 16.0369 0.581681
66 12.6476 12.4183 -0.390226
67 10.5878 8.86469 -0.334389
68 15.3639 15.673 -1.67069
69 9.66776 14.9973 2.38579
70 18.537 23.4073 1.47833
71 16.3264 8.38733 2.03484
72 13.494 17.5097 -1.08446
73 3.94853 17.6156 -1.32688
74 16.4909 5.79662 1.71324
75 4.96325 5.13694 -2.83699
76 8.40838 3.98017 -2.56996
77 10.5204 15.8534 -2.96827
78 7.30445 17.5936 -1.43498
79 3.58439 17.873 2.97457
80 18.4551 15.8537 2.15789
81 5.63997 9.3409 1.2555
82 5.45292 12.2958 2.92564
83 3.44133 6.03065 -1.0722
84 6.17574 10.13 -1.12151
85 10.9506 2.97055 -1.59884
86 0.416394 4.14617 2.52846
87 12.8424 3.37938 -1.55691
88 15.4622 20.6333 1.22599
89 8.69256 8.81048 2.51975
90 19.0324 7.10078 -3.03891
91 8.28371 9.79642 2.97305
92 18.375 9.13532 -1.41853
93 16.2492 10.3828 -2.76406
94 2.77602 5.9582 0.352066
95 16.8477 7.24396 -0.206285
96 11.5359 -0.225643 -1.92257
97 6.93438 -1.24464 3.0803
98 9.41949 20.2046 -3.11446
99 13.6924 8.69593 1.23647
