100
Particles
0 -4.26703 -12.072 -2.02497
1 44.4831 8.07584 0.191521
2 45.6807 15.7546 -0.0482543
3 -9.02989 27.2938 2.70934
4 15.0552 26.3723 1.39217
5 -2.62162 -12.8636 -2.02497
6 -3.13668 -12.9493 -2.02497
7 14.7872 26.7902 1.39217
8 -8.47536 -5.2389 -2.17338
9 -3.40227 41.5866 1.85394
10 27.6212 36.5562 1.0316
11 6.15536 -17.2017 -1.61726
12 15.1093 26.9038 1.39217
13 -2.92423 40.5068 1.85396
14 15.6627 26.3096 1.39217
15 14.7106 40.6001 1.29527
16 9.96344 42.3976 1.77661
17 9.18407 42.3654 1.77661
18 -16.562 13.1567 -3.13365
19 26.5458 35.5039 1.03289
20 -17.5646 -3.45409 -2.63252
21 -0.823044 -20.7029 -1.71767
22 7.0179 -22.4608 -1.53075
23 -21.6626 17.191 2.66752
24 35.0238 14.2378 0.401628
25 26.702 36.3286 1.03213
26 -3.28394 -13.9797 -2.02497
27 -1.4573 -19.5723 -1.71767
28 -3.22816 41.4241 1.85394
29 -1.68141 -20.0757 -1.71767
30 34.701 -5.77931 -0.689808
31 34.3961 14.5257 0.401628
32 -19.8399 20.7698 2.63999
33 -8.84674 -5.90196 -2.17338
34 -22.5631 11.0556 2.69836
35 -11.7566 2.61118 -2.63365
36 25.8999 36.5958 1.0322
37 26.615 37.0756 1.03178
38 28.2061 38.1965 1.0313
39 15.6127 40.7173 1.29527
40 -2.52212 41.393 1.85395
41 5.49164 -18.2363 -1.61726
42 -4.01205 -12.9743 -2.02497
43 -9.10244 -6.2423 -2.17338
44 25.93 37.5501 1.03199
45 15.8192 40.3836 1.29527
46 22.913 33.9477 1.09642
47 15.5906 27.1096 1.39217
48 3.38276 29.2359 2.24929
49 9.184 42.3808 1.77661
50 6.28423 -23.8506 -1.53075
51 27.331 37.491 1.03151
52 9.59963 42.7866 1.77661
53 -2.04693 43.4275 1.845
54 27.511 37.3176 1.03151
55 -11.5873 3.19681 -2.63365
56 21.33 -19.5813 -1.5126
57 27.6943 37.4138 1.03143
58 10.265 42.8462 1.77661
59 -1.44882 -21.0007 -1.71767
60 -2.91428 -12.8502 -2.02497
61 -16.6318 12.4843 -3.13365
62 -21.5698 18.1141 2.66752
63 25.714 35.6607 1.03284
64 23.9025 34.0228 1.09642
65 -2.70952 -13.5059 -2.02497
66 -20.4288 32.7381 2.58822
67 -20.8114 17.5417 2.66752
68 -2.20581 -13.1971 -2.02497
69 6.5496 -22.4612 -1.53075
70 5.99164 -22.9494 -1.53075
71 -1.78011 40.4438 1.854
72 15.1814 25.4598 1.39217
73 -0.819605 -20.1861 -1.71767
74 34.5177 14.8174 0.401628
75 -9.32478 -4.91177 -2.17338
76 14.551 27.1553 1.39217
77 -1.16449 -21.0999 -1.71767
78 -8.99442 36.9985 1.97642
79 -9.51624 36.5228 1.97642
80 25.8398 34.8803 1.03317
81 35.4184 14.4497 0.401628
82 10.0354 41.988 1.77661
83 25.1795 34.5904 1.03339
84 14.0914 26.3615 1.39217
85 -9.06611 -5.00582 -2.17338
86 26.9311 38.0012 1.0315
87 15.3954 27.3918 1.39217
88 5.61718 -17.2761 -1.61726
89 -19.3549 20.7465 2.63999
90 40.2097 25.5491 0.595294
91 -3.35342 40.155 1.85396
92 5.5296 -17.7705 -1.61726
93 -9.58977 36.5373 1.97642
94 4.81353 -17.8001 -1.61726
95 -4.03595 41.2562 1.85394
96 -2.36251 40.2946 1.85398
97 27.202 34.8265 1.03306
98 -3.59942 -13.2063 -2.02497
99 -2.6575 42.7811 1.845
