100
Particles
0 10.403 6.33975 -0.69524
1 12.6006 19.1678 -0.405886
2 14.6312 3.40654 -0.36989
3 8.62046 4.01204 0.0400883
4 10.8883 8.69923 1.46594
5 5.9362 14.1976 0.911748
6 1.00692 3.60164 -1.36202
7 12.121 20.6782 -2.52946
8 9.90297 8.14825 1.37331
9 11.2012 3.58239 -0.413155
10 10.4042 3.08127 -0.38208
11 9.36818 19.807 -2.55254
12 7.98132 17.5661 -0.00569118
13 16.0066 2.47393 0.903921
14 3.65313 16.6254 -2.1278
15 20.5467 15.664 -0.699355
16 3.94078 4.11406 -1.74954
17 16.0708 14.7368 0.86605
18 -0.0112384 16.0271 3.00602
19 11.7415 8.98704 -1.28291
20 5.35171 6.0135 2.68242
21 18.9387 18.6479 -1.93969
22 14.5603 12.3576 1.54345
23 6.69476 4.75959 2.21705
24 0.0131069 8.94816 -2.7035
25 4.84958 8.17093 1.761
26 2.31715 10.2893 -2.256
27 17.2969 13.1429 2.52527
28 14.7899 6.00683 -1.50082
29 0.892579 12.8052 2.07616
30 10.6491 8.22385 -2.55828
31 2.26011 9.2601 0.521597
32 8.7966 10.0815 -2.62218
33 9.09942 19.5337 2.50427
34 13.9301 15.627 0.0772163
35 0.231267 5.82275 -1.45335
36 20.2712 8.04393 2.16296
37 11.4914 18.0265 -1.82531
38 4.83209 3.6229 0.391281
39 3.46091 11.4174 -2.84437
40 4.60502 19.237 -0.492686
41 17.6739 1.36148 0.990474
42 10.9094 9.88766 -1.18267
43 3.26767 11.2263 1.23132
44 17.3885 6.19673 -1.85633
45 3.26864 7.51242 0.0897025
46 9.85113 7.32839 2.7769
47 9.88779 16.5632 -3.09836
48 6.55517 18.0605 -0.75985
49 17.8428 6.22011 -0.0553789
50 13.1402 5.15643 -2.82931
51 9.29607 2.35752 0.935518
52 1.30938 19.4069 -3.12898
53 3.74567 15.5307 0.709269
54 6.62898 21.6076 0.915756
55 5.83575 8.59385 2.62923
56 8.47199 11.0783 2.37979
57 11.2017 14.4005 -1.3417
58 13.255 7.03563 1.27986
59 14.3445 18.4951 1.70355
60 11.6172 19.3118 -2.49779
61 13.1859 12.2547 -0.201917
62 4.42563 4.88878 1.72621
63 1.65762 7.93395 -0.89488
64 13.476 9.43864 0.69177
65 12.2306 16.5165 0.107998
66 13.7896 13.3032 -2.15458
67 11.107 8.32656 1.8104
68 14.9573 15.5482 2.93443
69 10.9926 16.9493 2.65741
70 18.1247 20.2413 -2.0515
71 17.7752 9.31444 0.229361
72 13.9114 17.9399 2.6888
73 4.84211 17.0722 2.01321
74 18.4712 5.98898 -0.606309
75 5.0036 5.71018 0.257544
76 8.84284 3.12762 0.268716
77 9.49613 14.7336 -1.31843
78 9.45301 15.5395 1.20714
79 3.15085 18.7848 -1.30567
80 15.3097 14.9187 0.857522
81 7.9655 10.9669 0.387052
82 5.82496 13.4529 -0.34317
83 1.45828 4.82471 -1.13318
84 7.49136 6.08155 2.19774
85 9.98359 2.60172 0.731079
86 0.803511 6.17647 -2.20387
87 13.7632 3.3348 0.438376
88 14.1869 15.3513 -0.909148
89 9.51958 8.44361 2.56277
90 17.1806 5.77015 -1.99208
91 6.47309 10.5481 -1.10546
92 17.7421 9.65683 0.334638
93 12.9004 11.0108 -2.8811
94 3.14024 5.60362 -1.28757
95 15.4589 6.6963 2.1016
96 9.00616 -0.454581 -1.08428
97 5.82681 0.00310034 2.54105
98 8.98852 21.1467 1.72226
99 14.322 8.43112 -0.856403
