100
Particles
0 14.5358 5.7304 1.61788
1 14.6733 16.8518 -1.49013
2 16.4279 0.307509 1.12038
3 13.6174 8.11136 -1.72868
4 9.51095 8.95723 2.63592
5 1.7503 13.122 0.0898646
6 -0.139127 5.54617 -1.67716
7 11.1114 20.0398 0.891824
8 9.71086 8.85521 1.04283
9 10.8641 5.49313 -1.40409
10 11.9223 3.072 -1.51199
11 8.01412 18.5414 -1.72976
12 9.5055 18.0034 2.22428
13 20.939 5.59438 -0.74271
14 4.548 19.3162 -0.441211
15 24.162 13.6058 0.835242
16 0.881342 3.22905 -3.14151
17 16.7319 18.9888 0.575106
18 -0.677306 19.9153 -2.16806
19 7.49765 8.82057 -2.8128
20 7.9403 7.57445 -1.96841
21 18.5115 20.7776 -0.377259
22 13.1348 10.3459 -1.53171
23 5.61669 0.668975 -3.07565
24 0.0685438 10.0427 1.21866
25 3.44106 10.5394 0.714974
26 0.53239 8.75709 -2.78053
27 14.7905 13.7365 3.10117
28 11.6899 9.55707 -1.4956
29 -1.42422 13.1733 -1.35886
30 9.66632 8.95444 1.08065
31 0.88562 8.68798 -0.567158
32 7.80476 8.75562 -2.00746
33 8.614 19.9278 0.217358
34 18.7956 13.8723 -0.321466
35 4.00168 5.79941 -1.04396
36 20.0089 10.4614 -1.79668
37 8.55601 16.7541 1.43009
38 7.20737 0.239604 1.51891
39 1.99619 17.6307 -0.528995
40 6.34274 21.6065 -2.35398
41 23.7338 3.16268 2.42682
42 9.67246 7.16903 -0.190487
43 -3.40529 11.3767 2.00201
44 20.8258 4.26739 -1.38769
45 2.8617 8.59608 -1.80445
46 12.0797 4.52082 0.288804
47 12.0535 15.4302 1.03779
48 5.02779 20.2449 0.844966
49 20.0138 7.33483 -2.17753
50 12.0655 5.22428 -1.56046
51 13.076 3.40824 1.13009
52 0.771497 20.7475 -0.605748
53 2.67172 13.7969 2.98917
54 5.69376 24.2493 2.73305
55 3.4687 8.38933 2.36531
56 7.9612 13.7947 -0.0773423
57 12.5352 8.85829 0.221296
58 14.2321 9.42062 1.47272
59 13.0702 21.7177 0.261967
60 9.92988 16.4982 1.59869
61 14.3269 13.5835 -2.45873
62 5.68555 4.40822 -0.629773
63 1.94727 11.6103 1.47716
64 9.52778 10.3221 1.90757
65 13.1118 16.5077 1.66776
66 13.0645 12.6769 2.09674
67 10.2917 8.81874 1.48908
68 14.8755 15.925 2.84217
69 8.76834 16.3131 2.28824
70 18.1673 22.26 2.65281
71 17.7441 7.60523 -0.505021
72 13.7047 19.7021 0.841688
73 4.25748 15.3601 -3.13163
74 15.2511 3.70595 1.96341
75 7.4755 5.37549 0.422642
76 7.0209 6.59789 2.46306
77 13.9827 15.3179 -1.42363
78 8.89202 18.1983 1.00241
79 4.46959 17.5028 -0.0239651
80 17.5285 14.1505 -2.14316
81 0.834534 10.5661 -1.48672
82 4.45935 11.5218 1.6229
83 4.73449 7.00019 -0.866285
84 6.59644 11.2286 2.6954
85 12.2093 2.32451 -1.28641
86 1.59587 5.64242 -1.98868
87 12.4436 4.37877 -3.03705
88 16.862 19.3007 -0.0920615
89 7.6529 9.96745 1.91114
90 19.82 8.09868 1.15996
91 6.92138 10.0521 -2.86088
92 19.5456 9.6441 1.92011
93 17.4367 9.27443 -1.29528
94 3.58208 9.08097 1.72242
95 17.6568 8.24307 2.21161
96 12.2582 0.881317 2.88
97 7.67456 -0.423006 -0.47196
98 7.97711 20.3679 -0.46041
99 14.0896 11.0142 2.41871
