100
Particles
0 -12.9317 -29.8198 -2.02497
1 63.872 11.8353 0.191521
2 65.4077 14.8019 -0.0482543
3 -26.9634 35.5673 2.70934
4 18.5643 45.808 1.39217
5 -11.2863 -30.6114 -2.02497
6 -11.8014 -30.6971 -2.02497
7 18.2963 46.226 1.39217
8 -19.6692 -21.5104 -2.17338
9 -8.9202 60.5502 1.85396
10 37.7554 53.5079 1.03203
11 5.23796 -36.9303 -1.61726
12 18.6185 46.3396 1.39217
13 -8.44219 59.4703 1.85396
14 19.1719 45.7454 1.39217
15 20.0837 59.6052 1.29527
16 5.92735 61.7308 1.77661
17 5.14798 61.6986 1.77661
18 -36.3113 12.9998 -3.13365
19 36.677 52.4574 1.03204
20 -34.8102 -13.0796 -2.63252
21 -3.71342 -40.2403 -1.71767
22 7.80857 -42.1949 -1.53075
23 -39.2345 26.2072 2.66752
24 53.2022 21.9584 0.401628
25 36.835 53.2811 1.03204
26 -11.9487 -31.7275 -2.02497
27 -4.34768 -39.1097 -1.71767
28 -8.7461 60.3876 1.85396
29 -4.57179 -39.6131 -1.71767
30 49.9355 -18.348 -0.689808
31 52.5745 22.2463 0.401628
32 -37.1569 30.2663 2.63999
33 -20.0406 -22.1734 -2.17338
34 -40.4046 19.5256 2.69836
35 -29.0131 -6.99478 -2.63365
36 36.0327 53.5484 1.03204
37 36.7488 54.0276 1.03203
38 38.341 55.1478 1.03203
39 20.9858 59.7224 1.29527
40 -8.04006 60.3565 1.85396
41 4.57424 -37.965 -1.61726
42 -12.6768 -30.7221 -2.02497
43 -20.2963 -22.5138 -2.17338
44 36.0633 54.5023 1.03203
45 21.1923 59.3886 1.29527
46 31.9345 51.5169 1.09642
47 19.0998 46.5454 1.39217
48 -9.01269 44.6117 2.24929
49 5.14791 61.714 1.77661
50 7.07489 -43.5848 -1.53075
51 37.4654 54.4426 1.03203
52 5.56354 62.1198 1.77661
53 -7.39477 62.4397 1.845
54 37.6454 54.2691 1.03203
55 -28.8438 -6.40916 -2.63365
56 22.4788 -39.2978 -1.5126
57 37.8289 54.3652 1.03203
58 6.22889 62.1794 1.77661
59 -4.33919 -40.5381 -1.71767
60 -11.579 -30.598 -2.02497
61 -36.3812 12.3273 -3.13365
62 -39.1416 27.1303 2.66752
63 35.8453 52.6141 1.03204
64 32.924 51.592 1.09642
65 -11.3742 -31.2537 -2.02497
66 -37.2313 43.1179 2.58822
67 -38.3833 26.5579 2.66752
68 -10.8705 -30.9449 -2.02497
69 7.34027 -42.1954 -1.53075
70 6.78231 -42.6836 -1.53075
71 -7.29812 59.4073 1.85396
72 18.6906 44.8956 1.39217
73 -3.70998 -39.7234 -1.71767
74 52.6961 22.538 0.401628
75 -20.5186 -21.1832 -2.17338
76 18.0601 46.591 1.39217
77 -4.05487 -40.6373 -1.71767
78 -16.7876 55.1459 1.97642
79 -17.3094 54.6702 1.97642
80 35.9704 51.8342 1.03204
81 53.5968 22.1703 0.401628
82 5.99933 61.3212 1.77661
83 35.3095 51.5446 1.03204
84 17.6005 45.7973 1.39217
85 -20.2599 -21.2773 -2.17338
86 37.0656 54.9527 1.03203
87 18.9046 46.8275 1.39217
88 4.69978 -37.0048 -1.61726
89 -36.6719 30.243 2.63999
90 56.5624 36.6239 0.595294
91 -8.87138 59.1185 1.85396
92 4.6122 -37.4992 -1.61726
93 -17.3829 54.6847 1.97642
94 3.89613 -37.5288 -1.61726
95 -9.55388 60.2197 1.85396
96 -7.88051 59.2581 1.85396
97 37.3327 51.7802 1.03204
98 -12.2641 -30.9541 -2.02497
99 -8.00535 61.7932 1.845
