100
Particles
0 1.70602 5.80168 -1.76022
1 25.8305 4.45915 0.191521
2 26.7028 16.6711 -0.0482543
3 8.22261 19.3344 2.70934
4 11.7611 7.66384 1.57801
5 5.8284 4.15362 -2.03726
6 5.30288 4.07308 -2.03725
7 11.3398 8.10783 1.24474
8 2.29306 10.4149 -2.17256
9 0.604974 23.1114 1.60854
10 17.62 20.4036 1.01602
11 7.03792 1.77783 -1.61726
12 11.7246 8.20777 1.25582
13 3.26656 22.6026 2.03901
14 12.4333 7.59487 1.79681
15 9.54159 22.3167 1.29527
16 13.8463 23.7985 1.77661
17 13.0669 23.7664 1.7766
18 2.43745 13.3077 -3.13365
19 17.4661 18.8326 1.1421
20 -0.973834 5.80593 -2.63252
21 1.95757 -1.90748 -1.71767
22 5.6271 -3.52675 -1.4456
23 -4.75801 8.51719 2.66752
24 18.2838 5.96349 1.05208
25 16.7966 20.1181 1.01607
26 5.16282 3.03908 -2.03724
27 1.32332 -0.77689 -1.71768
28 0.906646 22.9697 1.60854
29 1.09921 -1.28028 -1.71768
30 20.045 6.31207 -0.689808
31 16.7774 8.32381 -0.239275
32 -3.18049 11.634 2.63999
33 1.92247 9.75129 -2.17452
34 -5.39901 2.90722 2.69836
35 4.84465 11.8524 -2.63365
36 15.9397 20.4203 1.01608
37 16.6029 20.9309 0.953264
38 18.171 22.0648 1.01594
39 10.4437 22.434 1.29527
40 3.37884 23.3909 2.03804
41 6.3742 0.743196 -1.61726
42 4.37197 4.07424 -2.03724
43 1.66773 9.41029 -2.17689
44 15.8947 21.4241 0.791699
45 10.6502 22.1002 1.29527
46 14.234 17.0458 1.09642
47 12.2319 8.40895 1.36769
48 15.3075 14.444 2.24929
49 13.0668 23.7818 1.7766
50 7.74613 -5.14342 -1.87285
51 17.3031 21.3552 1.016
52 13.4824 24.1876 1.77661
53 3.09784 25.1373 1.845
54 17.484 21.1811 1.016
55 5.01394 12.438 -2.63365
56 20.2248 -0.613424 -1.5126
57 17.6658 21.2782 1.01598
58 14.1478 24.2472 1.77661
59 1.3318 -2.2053 -1.71767
60 5.534 4.16789 -2.03725
61 2.36758 12.6352 -3.13365
62 -4.66517 9.44033 2.66752
63 16.6644 18.9752 1.1421
64 15.2236 17.1209 1.09642
65 5.73893 3.5121 -2.03725
66 -4.26443 22.7524 2.58822
67 -3.90684 8.8679 2.66752
68 6.24421 3.82012 -2.03726
69 5.20125 -3.52395 -1.44559
70 4.74962 -4.00737 -1.44559
71 4.72191 22.6559 2.04623
72 12.061 6.74644 1.93837
73 1.96101 -1.39063 -1.71767
74 16.9118 8.58238 -0.239275
75 1.4433 10.7423 -2.17172
76 11.0651 8.48401 1.17916
77 1.61612 -2.30448 -1.71767
78 -1.49721 19.5402 1.97642
79 -2.01903 19.0645 1.97642
80 16.8471 18.1633 1.14208
81 18.8347 5.97331 1.05208
82 13.9182 23.389 1.77661
83 16.2349 17.848 1.14205
84 10.5697 7.70044 1.17894
85 1.70231 10.648 -2.17256
86 16.8997 21.8675 1.016
87 11.9342 8.71332 1.22511
88 6.49974 1.70337 -1.61726
89 -2.69549 11.6106 2.63999
90 24.478 14.8948 0.595294
91 2.92316 22.2837 2.03694
92 6.41216 1.20901 -1.61726
93 -2.09256 19.079 1.97642
94 5.69609 1.17938 -1.61726
95 -0.0553785 22.7754 1.60854
96 4.05076 22.4718 2.04365
97 19.0294 17.7617 1.22939
98 4.83739 3.81737 -2.03724
99 2.48726 24.4909 1.845
