100
Particles
0 12.0876 7.67785 2.90301
1 14.0919 17.4551 -2.2452
2 13.9743 3.95437 2.55125
3 10.0846 6.04296 0.304133
4 10.9038 9.80347 2.18652
5 4.3248 14.2648 2.68563
6 -0.381686 4.08518 3.07923
7 11.5889 20.4842 2.37659
8 9.70949 8.30173 1.59043
9 11.4801 2.76479 0.739353
10 12.0272 1.52845 -2.70845
11 8.64445 18.405 -0.00681077
12 9.01539 16.9399 1.46613
13 16.679 3.33612 1.62522
14 3.77583 17.8356 -1.13398
15 21.5622 14.1164 -1.83951
16 1.95473 2.67146 -3.09391
17 17.8373 14.8561 0.24453
18 -0.724996 19.0122 2.95241
19 8.4085 8.58703 1.61891
20 6.31545 4.44571 -2.91581
21 20.6893 19.7947 -0.237239
22 14.0082 12.1729 -0.28354
23 6.92284 3.11063 1.49898
24 -0.902633 10.0234 -0.266492
25 4.05772 7.51187 -2.56951
26 1.27221 9.82869 -1.32699
27 17.615 15.0197 2.05884
28 13.3401 7.16548 1.44943
29 0.311 11.0636 -1.3915
30 11.1358 8.62189 -0.280424
31 1.78596 9.13711 2.01235
32 9.77987 10.5503 -0.07121
33 6.31231 19.4028 0.906256
34 15.3945 16.022 0.216305
35 2.06023 5.31123 0.727659
36 18.5563 9.57498 0.956416
37 11.9919 18.4621 -0.0883922
38 4.47201 3.77972 2.2029
39 4.86948 13.6675 0.295676
40 4.90244 19.5597 0.505912
41 19.332 1.62947 0.259187
42 12.4326 8.74754 -0.411015
43 0.997362 11.3704 1.10842
44 18.8363 6.57146 -1.49586
45 2.77288 9.59851 1.49488
46 9.63399 5.36539 -0.585208
47 8.87805 17.2578 3.06956
48 6.04175 16.0348 -0.463078
49 18.5055 5.40929 -1.95762
50 11.2473 6.35193 3.12354
51 11.5245 3.49833 -1.93407
52 1.26084 20.5078 -2.09686
53 2.36014 16.5359 1.12753
54 6.24742 23.1471 -1.10676
55 5.3043 8.26462 1.59017
56 8.56955 10.2624 -2.70785
57 10.8953 14.783 -1.97489
58 16.5001 9.45419 -2.10046
59 14.2872 18.8057 3.12121
60 11.8537 16.8476 1.89646
61 11.8981 13.4789 1.77899
62 4.62416 6.16943 0.293807
63 2.37262 9.21513 1.70461
64 10.4964 10.9108 -1.909
65 12.8965 16.4264 0.101724
66 12.8901 11.0604 -2.68331
67 10.3415 7.34715 0.767215
68 16.282 15.1481 2.06905
69 9.9471 13.9934 1.83755
70 19.9858 21.2985 0.374464
71 18.9668 8.62064 -1.95557
72 14.2089 17.6342 1.80331
73 3.35784 18.7851 -2.6689
74 17.7031 4.1464 -3.13502
75 5.30697 5.41786 -1.88481
76 7.06828 4.23519 1.93102
77 11.0348 15.7807 -0.381045
78 9.32094 17.0268 -0.362664
79 4.21522 16.9765 -0.599728
80 17.6427 15.0063 -2.80226
81 6.22017 9.98582 2.05829
82 5.58565 12.7226 2.03355
83 2.49447 6.0814 1.35547
84 5.72111 8.93041 2.84236
85 10.0111 2.27416 -2.42294
86 0.836936 3.65875 -1.25211
87 14.5284 1.88171 -0.75753
88 15.9602 19.2849 0.126805
89 8.25416 7.39094 2.11662
90 18.4764 6.84761 2.17151
91 8.61618 10.1968 -3.11544
92 18.5453 11.2371 -2.3034
93 13.8089 11.5914 -0.416713
94 2.19058 7.20284 -1.90897
95 14.8586 6.81123 -2.16089
96 10.9328 -1.12636 0.753034
97 6.05646 -0.502915 -1.98046
98 8.87067 19.8582 -1.93765
99 14.7367 8.47945 3.07504
