100
Particles
0 12.1557 7.18084 0.615771
1 14.1603 17.8446 -0.727563
2 14.2356 3.96733 1.36966
3 9.74277 5.77544 -2.70676
4 10.9337 9.75276 1.84545
5 5.04115 14.0781 -2.81883
6 -0.264883 4.3039 2.4212
7 11.8577 20.3817 0.684416
8 9.25711 7.91418 0.47516
9 11.7317 2.36135 0.895083
10 12.1196 1.8941 -0.445106
11 8.50279 18.5177 -1.17194
12 9.07155 16.7577 -1.75497
13 16.3927 3.21989 1.88668
14 3.75442 17.805 -0.322787
15 21.2875 14.4679 -0.288011
16 2.17355 2.69949 -2.09351
17 17.2276 15.1343 0.746561
18 -0.461401 18.4822 0.686413
19 8.39118 8.00047 -2.5835
20 6.34789 4.55489 -1.74652
21 20.4506 19.9356 -1.31879
22 14.1291 12.1973 -0.977106
23 6.78336 2.7008 0.357817
24 -1.17244 10.1794 -0.222791
25 4.25678 7.59059 -1.38096
26 1.10325 10.4606 -2.97115
27 17.6395 14.4461 -0.712539
28 13.6375 6.58142 -2.47808
29 0.546233 11.3352 0.0199722
30 10.4503 8.80841 3.03834
31 1.63423 9.24794 -2.21698
32 9.10931 10.8121 2.83712
33 6.07867 18.9038 1.59553
34 14.9744 15.9005 -2.39471
35 1.75783 4.97155 -0.29777
36 18.7174 8.97888 -2.51353
37 11.7319 18.1085 1.97107
38 4.61638 3.58339 -1.29883
39 5.03523 13.4846 2.80287
40 4.43422 19.7161 2.32344
41 19.185 1.70653 -0.136345
42 12.2227 8.87326 0.83496
43 1.35455 11.2133 -3.08436
44 19.2821 6.81247 -1.95485
45 3.00315 9.15537 -2.75669
46 9.54143 5.98976 0.605112
47 9.00597 16.7584 -2.03413
48 6.30664 16.1713 -0.776207
49 18.7036 6.12278 0.10267
50 11.6856 6.45146 -1.6871
51 11.1579 3.52611 -2.5084
52 1.33164 20.9379 -3.14145
53 2.74601 16.2686 0.884103
54 6.12273 23.3864 -0.431505
55 5.77103 7.86137 1.55834
56 8.31703 10.3837 -1.45619
57 11.1925 14.9545 -0.665741
58 16.5052 9.75267 2.02111
59 14.4096 18.4635 3.09363
60 11.7626 16.3558 -1.86942
61 11.6868 13.0166 2.92495
62 4.44057 5.62396 2.02694
63 1.98355 8.70483 0.159352
64 11.0716 11.1279 2.37007
65 12.4422 16.205 -1.77052
66 13.2764 11.4343 -0.728171
67 10.2341 7.53325 -1.49308
68 16.7567 15.0891 -0.235209
69 10.1379 14.222 -0.475176
70 19.438 21.5447 0.143929
71 18.6698 9.13742 1.63048
72 14.0725 17.7179 -2.08817
73 3.76873 19.1361 0.553332
74 18.447 4.22323 -0.619505
75 5.20517 5.6671 -0.344368
76 6.76001 4.14833 2.90228
77 10.6603 15.3944 1.84607
78 9.28409 17.5315 2.14947
79 4.0316 17.0912 0.363702
80 17.4615 15.1911 0.887254
81 6.2917 9.75889 -1.62432
82 5.46295 12.894 2.80657
83 2.44578 5.51594 0.402074
84 5.71842 8.61101 1.87788
85 10.188 2.43978 3.68276
86 1.21566 3.74512 2.5588
87 14.4621 2.27957 0.841933
88 15.6478 18.776 0.475232
89 8.49871 6.69114 -1.36456
90 18.6363 6.65136 -1.42157
91 8.47796 10.3977 -1.18335
92 18.6415 11.7611 1.47716
93 13.8411 11.5369 -0.727837
94 2.311 7.23457 -1.85535
95 15.1265 6.62152 -2.65801
96 10.829 -1.75448 -0.342637
97 6.62699 -0.112184 -0.872276
98 9.37948 19.8748 0.136328
99 14.9338 7.96559 1.66524
