100
Particles
0 15.0112 5.85411 0.00751863
1 15.5728 16.418 -1.01692
2 16.1628 0.50469 2.00518
3 14.1862 8.00446 -0.0159955
4 9.53879 9.13557 1.17811
5 2.48584 13.002 -0.336933
6 -0.423899 5.28364 -2.08762
7 10.7327 20.1608 1.11886
8 9.71262 7.7571 -1.66695
9 11.0935 5.54429 2.46246
10 12.1213 3.33839 -0.732502
11 8.59658 18.1313 -0.464077
12 9.93815 17.5833 -1.00357
13 21.4718 5.22652 0.315146
14 5.43322 19.1063 -0.246546
15 25.2412 12.7947 -1.22989
16 1.02034 3.37133 2.02706
17 16.6534 18.4911 -1.6323
18 -0.691712 19.5205 -2.46961
19 7.67687 7.87146 -1.82196
20 8.29699 6.99428 -0.702263
21 18.8492 20.0781 -0.126659
22 13.3111 9.73753 -2.06867
23 5.44238 1.65204 -3.04032
24 -0.684329 10.1937 -1.50032
25 2.82751 10.5274 1.72903
26 1.31902 8.99459 0.509928
27 15.279 14.2238 -1.70436
28 11.8409 9.62761 1.76817
29 -1.74821 13.6539 -0.127299
30 9.28096 8.90134 3.04091
31 0.414849 8.83392 1.02796
32 8.53902 9.09444 0.356458
33 8.73705 19.7491 1.55456
34 18.4584 14.1512 -1.28896
35 3.06996 6.52881 -2.59713
36 19.4692 11.4503 0.389236
37 8.84889 16.4013 2.2025
38 7.05798 0.43615 -1.52392
39 1.98961 18.3793 0.950923
40 6.83811 21.193 -1.73054
41 24.1413 2.50671 -0.991899
42 9.75289 7.46627 1.70825
43 -3.22385 11.8337 0.426792
44 21.0788 3.8726 -0.856834
45 2.75203 9.06439 1.77213
46 11.8324 5.595 1.47173
47 11.8571 15.0882 -2.60832
48 5.47581 20.3228 0.563946
49 20.4826 6.57803 -1.37499
50 13.0195 5.52194 -1.14028
51 13.9258 2.88101 0.805115
52 1.46959 20.6275 -1.82925
53 3.27787 13.8628 -2.46837
54 5.46607 24.7278 1.2349
55 3.92663 8.47369 0.806827
56 8.77129 14.325 -1.90099
57 12.2555 8.54388 -2.84114
58 13.8236 9.41527 -0.762004
59 13.3453 21.3883 -0.0582193
60 9.49766 16.3877 -2.67904
61 13.751 13.4443 -0.862818
62 5.99918 4.4978 -1.35652
63 1.86842 11.8604 2.78681
64 9.44327 10.2732 -0.929306
65 13.4828 16.7028 -0.0698639
66 13.7491 13.55 0.359509
67 9.98642 9.20754 2.91602
68 14.4923 16 -0.996891
69 9.25692 15.9446 -0.210656
70 18.6079 22.2286 -1.08177
71 17.3015 7.14935 -2.02843
72 13.6189 19.5578 -2.94046
73 4.73057 14.6251 -0.681357
74 15.225 4.26493 2.03395
75 8.51556 5.38298 -0.672325
76 7.11636 7.53272 0.689268
77 13.5056 15.609 2.06096
78 8.47545 18.625 2.00229
79 4.6711 17.3848 -2.45242
80 17.99 14.0025 2.59319
81 0.430309 10.4716 0.305164
82 4.59461 11.5504 1.2563
83 4.07183 6.70725 1.03175
84 6.09888 11.8411 3.10081
85 12.7278 2.47204 0.711983
86 1.59189 5.35032 1.64413
87 12.1832 4.19106 0.984125
88 16.6634 19.0639 2.29099
89 7.47813 9.97241 1.88834
90 19.8231 8.87 -2.02015
91 7.08091 10.323 -1.07226
92 20.4135 9.67155 0.0450074
93 16.5796 8.7201 1.79881
94 3.0531 8.83758 -3.03175
95 17.5155 8.10905 -0.54884
96 11.902 1.22444 1.25154
97 7.96726 -0.814811 -2.1009
98 8.06205 20.0288 -1.12498
99 13.2486 10.6447 -2.49657
