100
Particles
0 -2.73156 -8.92675 -2.02489
1 41.0471 7.40961 0.191521
2 42.1848 15.9234 -0.0482543
3 -5.8518 25.8276 2.70934
4 14.4333 22.928 1.39217
5 -1.08609 -9.7184 -2.02499
6 -1.60116 -9.80409 -2.02497
7 14.1653 23.3459 1.39217
8 -6.49164 -2.35535 -2.17338
9 -2.42458 38.226 1.85381
10 25.823 33.5535 1.03057
11 6.31794 -13.7054 -1.61726
12 14.4874 23.4595 1.39217
13 -1.94632 37.1462 1.854
14 15.0409 22.8653 1.39217
15 13.7584 37.2321 1.29527
16 10.6787 38.9714 1.77661
17 9.89933 38.9393 1.77661
18 -13.0621 13.1845 -3.13365
19 24.7548 32.4969 1.03492
20 -14.5084 -1.7483 -2.63252
21 -0.310825 -17.2406 -1.71767
22 6.87779 -18.9636 -1.53075
23 -18.5486 15.5932 2.66752
24 31.8023 12.8696 0.401628
25 24.9068 33.3241 1.03235
26 -1.74841 -10.8345 -2.02498
27 -0.945081 -16.11 -1.71767
28 -2.25042 38.0634 1.85385
29 -1.16919 -16.6134 -1.71767
30 32.0012 -3.55195 -0.689808
31 31.1746 13.1575 0.401628
32 -16.7711 19.0869 2.63999
33 -6.86303 -3.01841 -2.17338
34 -19.4013 9.55456 2.69836
35 -8.69845 4.3135 -2.63365
36 24.1051 33.5911 1.0326
37 24.8179 34.0723 1.03119
38 26.4062 35.1947 1.02957
39 14.6605 37.3493 1.29527
40 -1.54436 38.0324 1.85387
41 5.65422 -14.7401 -1.61726
42 -2.47655 -9.82908 -2.02493
43 -7.11872 -3.35875 -2.17338
44 24.1339 34.5461 1.03188
45 14.867 37.0156 1.29527
46 21.3142 30.8342 1.09642
47 14.9687 23.6653 1.39217
48 5.57942 26.5111 2.24929
49 9.89925 38.9546 1.77661
50 6.14411 -20.3534 -1.53075
51 25.5323 34.4885 1.03027
52 10.3149 39.3605 1.77661
53 -1.09921 40.0582 1.845
54 25.7123 34.3151 1.03027
55 -8.52917 4.89913 -2.63365
56 21.1264 -16.0872 -1.5126
57 25.8951 34.4116 1.02998
58 10.9802 39.4201 1.77661
59 -0.936598 -17.5384 -1.71767
60 -1.37875 -9.70499 -2.02498
61 -13.1319 12.5121 -3.13365
62 -18.4558 16.5163 2.66752
63 23.9228 32.6537 1.03476
64 22.3038 30.9093 1.09642
65 -1.17399 -10.3607 -2.02498
66 -17.4512 30.8986 2.58822
67 -17.6974 15.9439 2.66752
68 -0.670278 -10.0519 -2.02499
69 6.40949 -18.964 -1.53075
70 5.85153 -19.4522 -1.53075
71 -0.801775 37.0833 1.85433
72 14.5595 22.0155 1.39217
73 -0.307386 -16.7237 -1.71767
74 31.2962 13.4492 0.401628
75 -7.34106 -2.02822 -2.17338
76 13.9291 23.7109 1.39217
77 -0.652275 -17.6376 -1.71767
78 -7.61336 33.7825 1.97642
79 -8.13517 33.3068 1.97642
80 24.0504 31.8723 1.03586
81 32.1969 13.0815 0.401628
82 10.7507 38.5619 1.77661
83 23.3914 31.5816 1.03663
84 13.4695 22.9172 1.39217
85 -7.08239 -2.12227 -2.17338
86 25.1324 34.9987 1.03024
87 14.7735 23.9475 1.39217
88 5.77976 -13.7799 -1.61726
89 -16.2861 19.0636 2.63999
90 37.3118 23.5864 0.595294
91 -2.37548 36.7944 1.85401
92 5.69218 -14.2743 -1.61726
93 -8.20871 33.3213 1.97642
94 4.97611 -14.3039 -1.61726
95 -3.05828 37.8955 1.8538
96 -1.38432 36.9341 1.85422
97 25.412 31.8188 1.03549
98 -2.0639 -10.0611 -2.02497
99 -1.70978 39.4118 1.845
