100
Particles
0 12.0435 7.3366 1.04343
1 12.9431 16.5853 0.371672
2 15.2349 0.585548 2.01925
3 11.5201 8.04004 0.799414
4 11.635 11.2401 2.07928
5 2.93897 14.2625 -1.29171
6 -0.216655 5.3459 1.22929
7 8.82501 20.7377 -2.62366
8 9.59858 10.5998 -3.01691
9 11.8408 3.80525 1.59813
10 12.2924 2.24367 -2.04396
11 6.7732 20.4049 -2.90027
12 9.72999 17.6386 0.189274
13 18.138 4.91716 1.50706
14 4.75871 20.4693 -1.68007
15 22.2364 13.9495 1.97968
16 2.40961 2.89347 0.357748
17 18.0807 16.732 2.09088
18 -1.56813 18.8119 -0.757085
19 8.18232 8.93156 1.47831
20 8.63235 6.55899 -3.09181
21 19.383 21.4084 1.6607
22 13.691 12.1574 -0.0891546
23 5.08524 1.92742 -2.25729
24 -1.64949 9.89881 -2.41721
25 3.13003 7.56126 -0.756207
26 1.4141 7.94324 1.3418
27 17.0624 14.3989 -1.78385
28 11.7123 8.84319 0.766997
29 0.68469 12.1503 -1.68296
30 9.33315 6.98227 -2.9504
31 1.34579 9.95586 -0.64903
32 10.2448 9.00104 -1.90701
33 6.24331 20.8601 -2.65296
34 16.4669 16.7151 -0.965615
35 4.31917 7.38146 -1.72216
36 20.7818 9.57464 0.719222
37 9.02545 16.8385 1.01621
38 5.37925 4.24245 1.39905
39 4.15128 16.6063 -1.3876
40 6.22725 22.1837 2.34037
41 23.6657 3.0878 -0.0550657
42 8.54378 9.30646 -2.44703
43 0.294436 12.1959 -0.495041
44 20.3268 5.21862 -1.18096
45 1.60376 8.48549 -2.66157
46 11.1278 5.17316 0.889008
47 9.39532 17.3086 -2.99771
48 4.17845 18.5247 -2.47058
49 18.0522 5.28262 2.15365
50 10.6854 4.56573 3.06631
51 13.6809 3.43546 -2.98619
52 0.67411 19.0584 0.0409333
53 2.7359 15.2142 -0.0935461
54 6.13639 24.4883 -0.40276
55 4.38362 9.04442 -1.65172
56 8.81293 11.6482 -2.24133
57 10.5276 11.9233 -1.4201
58 14.5127 9.95846 -1.0964
59 12.9018 22.2416 2.52423
60 12.8017 17.2072 0.867555
61 12.5155 12.7491 -2.55136
62 4.39553 5.52917 1.09233
63 2.6434 10.1982 0.404342
64 10.2441 10.2317 0.603711
65 12.6719 16.3888 -2.04782
66 11.8691 12.4387 -1.80284
67 11.8454 8.57801 -0.817189
68 15.0095 15.6461 2.96804
69 8.91468 15.1582 1.36089
70 17.7086 24.1036 2.22091
71 16.8669 7.28057 1.87102
72 13.5135 18.3261 2.40042
73 4.04581 18.0271 -3.03859
74 16.4091 5.25222 -2.31202
75 4.85147 4.96821 2.04101
76 9.01079 4.51578 -0.659032
77 10.9658 15.4386 0.457312
78 7.72959 17.7287 -1.99531
79 2.95247 17.6156 -1.59777
80 17.8557 16.2029 2.08884
81 5.31412 9.85541 -2.37458
82 5.23593 11.8449 -2.29987
83 3.99796 6.02738 -0.544984
84 6.919 10.821 0.680332
85 12.1009 2.71891 1.90593
86 0.978375 3.42401 -0.859843
87 11.7794 3.87205 1.20648
88 15.194 20.224 -2.91133
89 8.63824 8.48599 -1.79463
90 18.9563 7.18862 2.41812
91 8.77402 9.64293 -2.98905
92 18.8675 9.18251 2.35165
93 16.4973 10.1961 2.17371
94 2.61483 5.6713 -2.53909
95 17.3068 6.71766 -1.73862
96 11.3981 0.073259 -0.134041
97 6.07945 -1.27241 -2.04055
98 9.76688 19.6855 -1.02513
99 13.7716 9.38689 -1.56853
