100
Particles
0 13.6885 6.21219 0.284177
1 15.7431 16.618 0.97595
2 16.0469 0.77987 0.100291
3 15.2307 8.23439 -0.411189
4 10.0777 8.64985 -0.0728075
5 2.10713 13.6983 0.43823
6 0.00151765 5.35187 0.429602
7 10.9183 20.3991 -0.376465
8 10.6254 8.11367 0.172609
9 11.3935 5.46777 0.300761
10 11.7486 3.3949 1.57437
11 8.05128 17.8796 2.68616
12 9.88072 18.6544 1.18471
13 20.5339 6.40303 1.84224
14 5.23076 19.2312 2.34304
15 25.291 12.8356 -2.66867
16 1.08308 3.55365 -2.87566
17 15.8722 19.0354 1.09835
18 -0.907992 19.4801 2.98252
19 7.37347 8.10701 -2.37608
20 8.06805 6.69707 -1.7194
21 18.6737 19.9265 1.63985
22 12.736 9.3479 2.89671
23 5.22645 2.48986 1.45836
24 -0.0149366 11.0956 0.482202
25 3.26951 10.8611 -2.76599
26 1.4663 8.74706 1.08709
27 15.2449 14.2975 -0.0902788
28 12.0053 10.3388 1.52854
29 -1.282 13.6477 0.385118
30 8.58278 9.16899 -0.10597
31 1.46539 9.3384 -2.87541
32 8.77668 9.11916 0.0797043
33 9.26974 19.8466 0.395462
34 18.1063 15.0605 0.37642
35 2.69102 6.85816 1.22347
36 19.9608 11.3515 -0.739906
37 9.20638 16.8173 -0.46672
38 6.96079 0.0424914 -0.0261896
39 1.698 18.0309 2.4079
40 7.07861 21.6921 -3.11339
41 24.8062 2.20765 0.216162
42 9.24411 7.83784 -2.79093
43 -2.58709 12.2111 0.497865
44 21.1449 3.55892 0.226238
45 2.72491 7.94343 -1.3725
46 12.337 5.15789 1.2756
47 12.0624 14.4407 -0.194687
48 4.89677 21.1163 1.30639
49 20.7163 6.5896 0.410567
50 14.0864 5.23305 -0.963859
51 14.2344 3.1592 2.06839
52 0.661802 20.592 1.26928
53 2.66201 12.6654 -1.64261
54 5.04676 25.4228 -1.44861
55 4.24295 9.57489 0.709344
56 9.38835 14.7796 -2.42939
57 11.8654 7.43308 -0.793169
58 14.4725 9.06527 -1.14587
59 13.2882 21.2055 -2.72341
60 9.65811 16.3611 -3.1245
61 13.6935 13.2429 -1.48585
62 6.25757 4.53307 0.249256
63 2.19533 12.1839 1.12344
64 9.54649 11.2082 2.54792
65 13.5508 16.842 -1.58122
66 13.8431 13.2501 3.01149
67 9.9342 8.34804 -3.09578
68 14.6932 15.8544 0.526623
69 9.24421 16.4212 1.08114
70 17.8201 22.0836 -2.33402
71 16.1281 7.16673 -2.74431
72 13.5238 19.164 -0.842456
73 4.93917 13.6469 2.15939
74 15.0832 4.98855 2.95664
75 8.16373 5.26788 -2.281
76 6.78017 6.9972 -1.77287
77 13.8958 15.8305 0.945037
78 6.85377 18.7412 3.01507
79 4.50641 17.2417 -0.493755
80 17.6192 14.0105 2.30553
81 0.184595 9.50629 -0.382608
82 5.14303 12.0241 1.21208
83 4.3154 6.38525 -2.65559
84 6.81093 12.5817 2.16624
85 12.2804 2.96417 2.29113
86 2.00791 4.79308 -1.67734
87 12.473 3.37753 1.54503
88 16.9756 19.129 -1.04393
89 7.64065 9.74992 -0.775525
90 19.7821 8.61243 -2.14489
91 7.08504 10.2629 -2.41561
92 21.0844 9.40503 2.89006
93 16.0919 9.56475 1.91525
94 3.15205 8.59761 -1.5032
95 17.2654 8.46519 -2.43066
96 12.1092 1.58989 -0.980237
97 8.00414 -1.24119 -2.96771
98 9.20514 20.7281 2.07623
99 13.0984 11.1578 -2.01359
