100
Particles
0 11.2569 7.32796 0.192505
1 14.1445 19.6975 0.756956
2 14.6599 4.163 -1.09022
3 10.2789 4.88942 1.25663
4 10.971 9.21772 0.42683
5 5.69847 14.0701 0.757057
6 -0.374805 3.38125 -1.49203
7 11.8328 19.7544 -2.15219
8 8.76851 7.81628 -1.54772
9 11.6988 2.34933 -0.657606
10 10.5407 2.90534 2.40102
11 8.85029 19.4526 -2.65576
12 7.53329 16.8877 -2.50719
13 17.0339 2.35875 -2.09261
14 3.41975 17.4484 2.95602
15 20.553 14.8804 -1.29085
16 2.89775 3.15132 2.7339
17 17.6184 15.053 2.25906
18 -0.227908 17.5865 0.824181
19 9.51596 8.13199 -3.06279
20 6.73344 4.8611 1.86585
21 19.8318 18.524 0.243512
22 15.4402 13.3544 0.656862
23 6.11722 3.59707 0.657581
24 -0.404051 10.1817 3.12744
25 5.41578 8.7763 -2.85644
26 1.07494 11.1374 -1.99078
27 18.0314 14.6303 2.66538
28 15.2259 6.07208 -1.05838
29 0.464535 12.3847 -1.49787
30 10.9145 9.03518 -1.27617
31 1.61054 8.28123 -2.59164
32 8.66837 9.78361 -0.584973
33 6.80938 19.207 0.771521
34 14.3151 15.6664 0.469033
35 0.545432 4.55197 -0.10027
36 19.1327 8.23193 2.5126
37 11.68 17.8356 2.51104
38 4.09905 3.03445 -2.94004
39 5.00949 13.1411 0.657474
40 5.13074 19.1565 0.375883
41 17.6433 0.947864 0.325089
42 11.5034 9.06506 -2.23528
43 2.32012 11.2757 0.946191
44 18.1242 8.05273 1.60849
45 3.97697 8.24959 0.330155
46 10.3542 7.00521 0.914801
47 8.65304 16.2824 -1.82966
48 6.14495 16.3796 -2.76829
49 18.8886 6.19897 0.803919
50 12.3379 6.74309 0.487325
51 10.3999 3.30465 -2.00546
52 1.1553 19.145 2.9853
53 4.02143 16.092 2.50157
54 5.95794 22.3608 1.58469
55 5.60475 8.07316 -1.78585
56 9.08811 9.73448 0.858339
57 10.9613 14.77 -1.78424
58 15.6188 9.00747 0.943156
59 13.9778 18.5185 1.61766
60 11.9507 17.5734 2.18135
61 12.5347 13.19 1.49023
62 5.17453 4.916 -0.807438
63 1.80481 8.25932 0.463585
64 12.0529 9.95973 2.39946
65 10.7356 15.7959 -0.588666
66 14.0433 12.7502 1.51943
67 11.3424 7.21437 1.81069
68 15.838 15.7998 1.33322
69 9.53337 14.7763 -1.05973
70 19.6628 21.5646 2.07037
71 17.8666 8.83108 1.39481
72 13.3888 18.0981 -3.10795
73 3.94728 18.6585 0.616798
74 18.065 4.34003 -2.33958
75 5.32241 4.70419 -1.31993
76 7.73709 4.34591 -2.02635
77 9.95599 13.9834 -2.32407
78 9.40755 16.816 1.79347
79 3.65178 17.4948 0.13905
80 15.9021 14.4046 -0.999481
81 7.27767 10.4101 -1.88356
82 4.82496 12.6293 -0.0438947
83 2.84902 5.33156 2.01352
84 5.90078 7.63527 1.72256
85 10.812 3.34367 -2.57596
86 0.837127 3.87602 -2.54203
87 13.239 2.29935 0.972334
88 14.7666 18.4131 -0.313339
89 9.33661 7.75276 -2.13975
90 19.3622 6.94221 1.23101
91 6.97329 11.2726 -2.11726
92 17.3681 11.0388 0.835461
93 13.9219 11.6795 -0.465324
94 2.73605 6.48641 -2.4838
95 15.7507 6.50509 1.89686
96 10.706 -2.28149 -1.66701
97 7.26326 0.575115 -1.71079
98 8.92973 20.4597 -2.81271
99 14.14 8.1239 0.164603
