100
Particles
0 10.6292 7.07566 -0.224617
1 14.5911 19.8864 1.39436
2 14.3917 3.47074 0.206736
3 9.67447 4.21557 2.75706
4 10.4403 8.37373 -1.87784
5 5.58777 14.4921 2.48236
6 -0.157541 3.40908 -1.8899
7 11.6862 20.0729 -1.51681
8 8.83045 7.93791 0.810506
9 11.5721 2.08782 1.50849
10 10.658 3.30035 -2.59508
11 9.43131 19.8393 -1.04228
12 7.32981 17.5168 2.9151
13 17.1185 3.00226 1.08998
14 3.49956 17.0963 -2.97942
15 20.4125 14.7946 -1.69411
16 3.56349 3.16707 1.52487
17 17.5804 15.0963 1.59038
18 -0.6463 16.7418 -1.0204
19 9.4822 8.33628 -2.73531
20 7.39642 4.85479 -0.207412
21 19.4967 18.5285 -1.43765
22 15.5807 13.4045 0.958911
23 6.12514 3.87012 -0.9689
24 -0.314075 10.1126 -2.95245
25 5.01594 8.80488 1.00749
26 0.907252 10.9886 2.94097
27 17.7778 14.6098 -0.407848
28 15.2451 6.21895 0.729523
29 0.673683 12.4119 -3.12922
30 10.1458 9.26487 0.449529
31 2.294 8.40159 0.467534
32 8.21797 10.1587 -2.49889
33 6.62663 19.1436 0.850858
34 14.1482 15.3315 -1.25669
35 0.777866 4.51504 -1.72531
36 19.1356 7.72943 2.72337
37 11.9967 17.5328 0.641933
38 4.20023 2.86957 1.25011
39 4.67734 12.921 2.46107
40 4.66834 18.92 0.111857
41 17.3648 0.351508 -2.11529
42 11.5002 9.26758 -0.161511
43 2.19156 11.5849 -2.46057
44 17.7804 7.65824 0.897881
45 3.70735 8.21232 -2.67042
46 10.8701 6.84207 -0.354346
47 8.96155 16.267 -1.98437
48 6.69216 16.2391 -2.13916
49 18.4605 6.01352 0.532369
50 11.8792 5.88493 0.687345
51 10.0149 3.99269 1.93717
52 1.57063 18.9962 -0.645857
53 3.73994 15.7975 -0.614815
54 5.33047 22.0916 -2.11893
55 6.23298 8.19433 -0.238495
56 9.2407 10.0794 -0.476644
57 11.2068 14.2372 0.272324
58 15.1044 8.12036 -0.295804
59 14.1142 18.0461 3.04197
60 12.5342 18.1014 2.29831
61 12.6536 13.181 -2.31807
62 4.68419 5.22038 -2.66168
63 2.07898 8.08486 -1.07799
64 12.1246 9.40745 1.29984
65 11.0762 15.6594 1.63263
66 13.9565 12.5164 0.798807
67 11.9324 7.14353 0.334764
68 16.0068 15.409 1.56553
69 9.69875 15.3638 -2.22599
70 19.6236 21.372 1.18206
71 17.9622 8.63627 2.73924
72 13.7695 18.0734 -0.121154
73 3.95376 18.6494 2.04587
74 17.9873 3.90046 -1.86119
75 5.56627 5.00587 -0.628784
76 8.27171 4.50611 -1.37218
77 9.70489 14.2879 -1.35872
78 9.66698 15.6872 1.40648
79 3.18223 17.1151 0.768363
80 15.5999 14.7639 2.06354
81 7.3002 10.2807 2.63323
82 4.54205 12.5152 1.85262
83 2.55481 4.62538 -2.40288
84 6.12131 7.35019 -1.1357
85 10.5502 3.17421 2.45845
86 1.40603 4.32036 -1.42127
87 13.2772 2.07678 -0.0629355
88 14.5955 18.5287 0.154591
89 10.4514 8.02255 -2.91929
90 19.1247 6.98374 1.19638
91 6.97544 11.0912 2.23017
92 16.4845 10.3741 -2.61596
93 13.6686 11.2226 -1.5869
94 2.9467 6.86356 2.06143
95 15.9701 6.10379 0.0372569
96 10.316 -1.68153 0.691735
97 6.83834 0.880503 0.0990245
98 9.08494 20.6717 0.648451
99 14.0274 7.68005 -1.28244
