100
Particles
0 10.9191 7.28575 2.66125
1 14.4776 19.7064 1.7124
2 14.2897 3.17649 -0.438394
3 9.18524 4.54624 0.582083
4 10.9376 8.60502 -2.72445
5 5.82814 14.7197 0.828864
6 0.552765 4.31164 2.79502
7 11.9288 20.282 -1.44113
8 9.13321 8.1849 -0.228893
9 11.5134 2.05869 -0.64947
10 10.8135 3.33213 0.522023
11 9.45843 20.4181 0.791113
12 8.06131 16.7268 -2.56926
13 16.801 2.66585 1.79218
14 3.02806 16.4731 0.381703
15 20.7538 15.0846 -0.37366
16 3.57345 3.23517 -0.871118
17 16.7573 15.1956 2.45054
18 -0.785835 16.8342 2.04659
19 11.0986 8.70892 0.672159
20 6.86542 5.48849 -0.143595
21 18.7513 19.2478 -1.53185
22 14.935 12.9515 1.72889
23 6.48911 4.4596 -1.36992
24 0.0818181 9.42913 1.42257
25 5.283 8.23977 0.134897
26 2.19078 10.6576 1.86558
27 17.6013 14.1885 0.228557
28 14.7931 6.39981 0.597015
29 0.720302 12.9222 1.48072
30 11.0659 8.75486 -2.12946
31 2.19978 8.62153 -0.759624
32 9.39241 9.89571 1.57412
33 7.3794 18.697 -1.65463
34 14.0591 16.0958 1.4552
35 1.26115 5.74944 -0.716001
36 19.1431 7.90915 2.42621
37 11.3424 17.5642 -1.56636
38 4.2327 2.92527 -0.982852
39 3.72378 12.0007 1.12242
40 4.47518 19.1 1.12617
41 17.9958 0.947823 -0.92656
42 11.4023 9.76892 -0.680377
43 2.67523 11.6684 1.68296
44 17.6047 6.37738 -1.30903
45 4.00541 7.67529 0.0231714
46 10.5013 7.1367 -0.226001
47 9.11871 16.7298 -1.07976
48 6.71622 17.1584 -2.86442
49 18.9255 5.45379 -1.8128
50 11.3649 5.857 2.93568
51 9.73167 2.67697 1.55553
52 2.00221 19.6653 -2.49366
53 4.30476 16.1617 1.03984
54 5.70646 22.3971 0.189959
55 6.01755 8.46497 1.0638
56 8.79428 10.2095 -1.69135
57 11.4093 13.5354 -2.17683
58 14.293 7.88407 0.648595
59 14.4032 18.8681 0.515584
60 12.7279 18.0485 1.44774
61 13.715 13.4548 0.184061
62 4.56376 4.68666 1.23093
63 2.68732 8.66403 -0.679428
64 12.5296 10.1686 2.84893
65 10.6971 16.0759 2.8233
66 14.1043 12.6466 0.0392805
67 11.1423 7.17095 -1.93682
68 15.2109 14.6953 0.180421
69 10.1108 16.3702 0.744016
70 18.9701 20.4001 -1.24075
71 18.1082 8.51494 -1.88792
72 13.1342 17.3651 -1.24096
73 4.92714 18.661 -2.77869
74 18.1744 4.68132 2.3514
75 4.9329 5.34978 -1.61409
76 7.89606 3.80727 1.27159
77 9.47389 13.885 1.42501
78 9.00564 15.4054 0.257228
79 3.10403 17.3001 -3.13292
80 15.1464 15.1607 3.04912
81 8.13041 9.56379 -2.85811
82 5.13816 12.201 -1.7074
83 1.82261 4.42443 -0.797547
84 5.82424 5.92943 2.76753
85 10.4401 2.91695 2.97786
86 0.223634 4.54271 -2.72648
87 12.6376 3.15337 -0.878462
88 13.8457 17.1329 1.74201
89 10.305 7.95418 0.0132754
90 17.5483 5.85268 2.72159
91 7.0653 10.5798 1.52847
92 17.0843 9.84812 -0.975845
93 13.2582 11.7762 0.629272
94 3.24207 5.72971 -2.53732
95 16.1196 6.55923 0.349911
96 9.7276 -0.71054 2.21446
97 5.60249 0.221125 -2.15312
98 8.53756 20.6379 0.778729
99 14.5243 8.00334 -2.665
