100
Particles
0 -14.7963 -33.6389 -2.02497
1 68.0443 12.6443 0.191521
2 69.6528 14.5969 -0.0482543
3 -30.8225 37.3477 2.70934
4 19.3195 49.9904 1.39217
5 -13.1509 -34.4305 -2.02497
6 -13.666 -34.5162 -2.02497
7 19.0515 50.4084 1.39217
8 -22.078 -25.0118 -2.17338
9 -10.1076 64.6309 1.85396
10 39.936 57.1559 1.03203
11 5.04055 -41.1758 -1.61726
12 19.3736 50.5219 1.39217
13 -9.6296 63.5511 1.85396
14 19.927 49.9277 1.39217
15 21.2399 63.6949 1.29527
16 5.05883 65.8911 1.77661
17 4.27946 65.8589 1.77661
18 -40.5612 12.966 -3.13365
19 38.8575 56.1054 1.03204
20 -38.5213 -15.151 -2.63252
21 -4.3354 -44.4445 -1.71767
22 7.97871 -46.4415 -1.53075
23 -43.0158 28.1473 2.66752
24 57.114 23.6198 0.401628
25 39.0156 56.929 1.03204
26 -13.8132 -35.5467 -2.02497
27 -4.96966 -43.3139 -1.71767
28 -9.9335 64.4684 1.85396
29 -5.19377 -43.8173 -1.71767
30 53.2138 -21.0526 -0.689808
31 56.4863 23.9077 0.401628
32 -40.8834 32.3099 2.63999
33 -22.4494 -25.6749 -2.17338
34 -44.2439 21.3482 2.69836
35 -32.7265 -9.06189 -2.63365
36 38.2133 57.1963 1.03204
37 38.9294 57.6755 1.03203
38 40.5216 58.7957 1.03203
39 22.142 63.8121 1.29527
40 -9.22746 64.4373 1.85396
41 4.37683 -42.2104 -1.61726
42 -14.5413 -34.5412 -2.02497
43 -22.7051 -26.0152 -2.17338
44 38.2438 58.1503 1.03204
45 22.3485 63.4783 1.29527
46 33.8758 55.2976 1.09642
47 19.8549 50.7277 1.39217
48 -11.6801 47.9204 2.24929
49 4.27938 65.8743 1.77661
50 7.24504 -47.8314 -1.53075
51 39.646 58.0905 1.03203
52 4.69501 66.2801 1.77661
53 -8.54557 66.5309 1.845
54 39.826 57.9171 1.03203
55 -32.5572 -8.47627 -2.63365
56 22.726 -43.5406 -1.5126
57 40.0095 58.0132 1.03203
58 5.36036 66.3397 1.77661
59 -4.96118 -44.7423 -1.71767
60 -13.4436 -34.4171 -2.02497
61 -40.6311 12.2936 -3.13365
62 -42.9229 29.0705 2.66752
63 38.0258 56.2621 1.03204
64 34.8654 55.3727 1.09642
65 -13.2388 -35.0728 -2.02497
66 -40.847 45.3515 2.58822
67 -42.1646 28.4981 2.66752
68 -12.7351 -34.764 -2.02497
69 7.51041 -46.4419 -1.53075
70 6.95245 -46.9302 -1.53075
71 -8.48553 63.4881 1.85396
72 19.4457 49.0779 1.39217
73 -4.33196 -43.9277 -1.71767
74 56.6079 24.1994 0.401628
75 -22.9274 -24.6847 -2.17338
76 18.8153 50.7734 1.39217
77 -4.67685 -44.8415 -1.71767
78 -18.4646 59.0511 1.97642
79 -18.9864 58.5753 1.97642
80 38.1509 55.4821 1.03204
81 57.5086 23.8317 0.401628
82 5.13081 65.4815 1.77661
83 37.49 55.1926 1.03204
84 18.3557 49.9797 1.39217
85 -22.6687 -24.7787 -2.17338
86 39.2461 58.6007 1.03203
87 19.6597 51.0099 1.39217
88 4.50237 -41.2502 -1.61726
89 -40.3984 32.2865 2.63999
90 60.0813 39.0071 0.595294
91 -10.0588 63.1992 1.85396
92 4.41479 -41.7446 -1.61726
93 -19.0599 58.5899 1.97642
94 3.69872 -41.7742 -1.61726
95 -10.7413 64.3005 1.85396
96 -9.06792 63.3388 1.85396
97 39.5133 55.4282 1.03204
98 -14.1287 -34.7733 -2.02497
99 -9.15615 65.8845 1.845
