100
Particles
0 0.435073 -0.827588 -1.76022
1 32.4571 5.74403 0.191521
2 33.445 16.3455 -0.0482543
3 2.09343 22.1621 2.70934
4 12.8786 14.3172 1.39217
5 2.79279 -1.87527 -2.03725
6 2.26726 -1.95581 -2.03725
7 12.6106 14.7351 1.39217
8 -1.53235 4.85353 -2.17338
9 -0.0275892 29.811 1.81906
10 21.2685 26.0825 1.00836
11 6.72438 -4.96488 -1.61726
12 12.9328 14.8487 1.39217
13 0.513803 28.7492 1.86679
14 13.4862 14.2545 1.39217
15 11.378 28.8122 1.29527
16 12.4668 30.4061 1.77661
17 11.6875 30.374 1.77661
18 -4.31234 13.254 -3.13365
19 20.3942 24.9117 1.07195
20 -6.86791 2.51619 -2.63252
21 0.969722 -8.5848 -1.71767
22 6.47002 -10.2239 -1.44559
23 -10.7636 11.5987 2.66752
24 23.7486 9.44906 0.401628
25 20.4205 25.8118 1.02599
26 2.12721 -2.98982 -2.03725
27 0.335467 -7.45421 -1.71767
28 0.159838 29.6521 1.82923
29 0.111355 -7.95761 -1.71767
30 25.2517 2.01645 -0.689808
31 23.1209 9.73699 0.401628
32 -9.09897 14.8796 2.63999
33 -1.90373 4.19047 -2.17338
34 -11.4968 5.80203 2.69836
35 -1.05315 8.56931 -2.63365
36 19.6202 26.078 1.01423
37 20.2809 26.5906 1.00946
38 21.8191 27.7439 1.0006
39 12.2801 28.9294 1.29527
40 0.872863 29.623 1.83469
41 6.06066 -5.99952 -1.61726
42 1.33635 -1.95465 -2.03725
43 -2.15943 3.85013 -2.17338
44 19.6164 27.0526 1.01031
45 12.4866 28.5956 1.29527
46 17.3173 23.0504 1.09642
47 13.414 15.0545 1.39217
48 11.0711 19.699 2.24929
49 11.6874 30.3893 1.77661
50 5.85173 -11.6092 -1.62313
51 20.9657 27.025 1.00449
52 12.103 30.7951 1.77661
53 1.27009 31.6351 1.845
54 21.1457 26.8516 1.00449
55 -0.883866 9.15494 -2.63365
56 20.6175 -7.35199 -1.5126
57 21.3199 26.9534 1.00299
58 12.7684 30.8547 1.77661
59 0.34395 -8.88263 -1.71767
60 2.49838 -1.861 -2.03725
61 -4.3822 12.5816 -3.13365
62 -10.6708 12.5218 2.66752
63 19.5435 25.0791 1.08727
64 18.3069 23.1255 1.09642
65 2.70332 -2.51679 -2.03725
66 -10.007 26.3 2.58822
67 -9.91242 11.9494 2.66752
68 3.20859 -2.20878 -2.03725
69 6.03245 -10.2223 -1.4927
70 5.52775 -10.7084 -1.56399
71 1.76367 28.7195 1.93694
72 13.0048 13.4047 1.39217
73 0.973161 -8.06795 -1.71767
74 23.2424 10.0286 0.401628
75 -2.38177 5.18066 -2.17338
76 12.3744 15.1002 1.39217
77 0.628273 -8.9818 -1.71767
78 -4.16069 25.7425 1.97642
79 -4.68251 25.2668 1.97642
80 19.7163 24.2721 1.09175
81 24.1432 9.66096 0.401628
82 12.5388 29.9966 1.77661
83 19.0834 23.9669 1.10054
84 11.9148 14.3064 1.39217
85 -2.1231 5.08661 -2.17338
86 20.5643 27.5362 1.00391
87 13.2189 15.3367 1.39217
88 6.1862 -5.03935 -1.61726
89 -8.61397 14.8563 2.63999
90 30.0669 18.6799 0.595294
91 0.0931198 28.3999 1.87662
92 6.09862 -5.53371 -1.61726
93 -4.75604 25.2813 1.97642
94 5.38255 -5.56333 -1.61726
95 -0.666496 29.4791 1.81491
96 1.14716 28.5591 1.9146
97 21.2894 24.1221 1.22939
98 1.80177 -2.21152 -2.03725
99 0.659518 30.9887 1.845
