100
Particles
0 -9.75103 -23.3048 -2.02497
1 56.7546 10.4552 0.191521
2 58.1662 15.1516 -0.0482543
3 -20.3802 32.5302 2.70934
4 17.2762 38.6734 1.39217
5 -8.10562 -24.0964 -2.02497
6 -8.62068 -24.1821 -2.02497
7 17.0082 39.0913 1.39217
8 -15.5601 -15.5373 -2.17338
9 -6.89462 53.5889 1.85396
10 34.0356 47.2849 1.03203
11 5.57473 -29.6882 -1.61726
12 17.3303 39.2049 1.39217
13 -6.41662 52.509 1.85396
14 17.8837 38.6107 1.39217
15 18.1113 52.6286 1.29527
16 7.40896 54.6338 1.77661
17 6.62958 54.6016 1.77661
18 -29.0616 13.0574 -3.13365
19 32.9572 46.2344 1.03205
20 -28.4795 -9.54621 -2.63252
21 -2.6524 -33.0683 -1.71767
22 7.51832 -34.9507 -1.53075
23 -32.7841 22.8974 2.66752
24 46.5291 19.1243 0.401628
25 33.1152 47.0581 1.03204
26 -8.76794 -25.2125 -2.02497
27 -3.28665 -31.9377 -1.71767
28 -6.72052 53.4263 1.85396
29 -3.51076 -32.4411 -1.71767
30 44.3431 -13.7342 -0.689808
31 45.9014 19.4122 0.401628
32 -30.8 26.7803 2.63999
33 -15.9315 -16.2004 -2.17338
34 -33.8552 16.4163 2.69836
35 -22.6784 -3.46854 -2.63365
36 32.313 47.3254 1.03204
37 33.029 47.8046 1.03203
38 34.6212 48.9248 1.03203
39 19.0134 52.7459 1.29527
40 -6.01448 53.3953 1.85396
41 4.91101 -30.7228 -1.61726
42 -9.49605 -24.2071 -2.02497
43 -16.1871 -16.5407 -2.17338
44 32.3435 48.2793 1.03203
45 19.2199 52.4121 1.29527
46 28.6228 45.0674 1.09642
47 17.8116 39.4107 1.39217
48 -4.46246 38.9674 2.24929
49 6.62951 54.617 1.77661
50 6.78465 -36.3406 -1.53075
51 33.7456 48.2196 1.03203
52 7.04514 55.0228 1.77661
53 -5.43164 55.4605 1.845
54 33.9256 48.0462 1.03203
55 -22.5091 -2.88292 -2.63365
56 22.0571 -32.0601 -1.5126
57 34.1091 48.1423 1.03203
58 7.71049 55.0824 1.77661
59 -3.27817 -33.3661 -1.71767
60 -8.39828 -24.083 -2.02497
61 -29.1314 12.3849 -3.13365
62 -32.6912 23.8206 2.66752
63 32.1255 46.3911 1.03205
64 29.6123 45.1425 1.09642
65 -8.19352 -24.7387 -2.02497
66 -31.0633 39.3076 2.58822
67 -31.9329 23.2481 2.66752
68 -7.68981 -24.4299 -2.02497
69 7.05002 -34.9512 -1.53075
70 6.49206 -35.4394 -1.53075
71 -5.27254 52.446 1.85396
72 17.4024 37.7609 1.39217
73 -2.64896 -32.5515 -1.71767
74 46.023 19.7038 0.401628
75 -16.4095 -15.2102 -2.17338
76 16.772 39.4564 1.39217
77 -2.99385 -33.4653 -1.71767
78 -13.9268 48.4842 1.97642
79 -14.4486 48.0085 1.97642
80 32.2506 45.6111 1.03205
81 46.9237 19.3362 0.401628
82 7.48094 54.2242 1.77661
83 31.5897 45.3216 1.03205
84 16.3124 38.6626 1.39217
85 -16.1508 -15.3042 -2.17338
86 33.3458 48.7297 1.03203
87 17.6164 39.6929 1.39217
88 5.03655 -29.7626 -1.61726
89 -30.315 26.7569 2.63999
90 50.5595 32.5585 0.595294
91 -6.8458 52.1572 1.85396
92 4.94897 -30.257 -1.61726
93 -14.5221 48.023 1.97642
94 4.2329 -30.2866 -1.61726
95 -7.5283 53.2584 1.85396
96 -5.85493 52.2968 1.85396
97 33.613 45.5572 1.03205
98 -9.08343 -24.4391 -2.02497
99 -6.04221 54.8141 1.845
