100
Particles
0 11.9702 6.87612 -2.53313
1 12.7943 16.7299 2.49602
2 15.5365 0.201629 -0.925913
3 11.1047 7.79488 0.588683
4 11.9365 10.848 -1.02674
5 2.9805 14.2786 -0.865054
6 -0.550379 5.11126 1.42665
7 9.23241 20.6992 -1.97975
8 9.67992 10.4446 0.241309
9 11.9932 3.35211 0.748235
10 12.6343 2.36364 -0.143786
11 7.11131 20.2336 -2.64599
12 9.251 17.5022 -0.156179
13 17.8734 4.69347 -0.425719
14 4.56083 20.8265 0.375727
15 22.0861 13.7084 -0.589412
16 1.93002 2.75831 1.60791
17 18.4401 16.5998 -0.925659
18 -1.60388 19.1866 2.82235
19 8.05278 8.45642 -0.926393
20 9.12302 6.63798 1.59105
21 19.208 21.0061 1.33433
22 13.3398 12.4078 3.00045
23 5.18155 1.87864 1.55901
24 -1.48627 9.81564 -2.59989
25 2.86235 7.49799 -0.819201
26 1.1715 7.86698 -1.77495
27 17.351 14.5598 1.53125
28 11.6927 8.47794 -1.98967
29 0.729703 12.1493 -0.786087
30 9.4467 6.8174 -1.75384
31 1.11005 9.85965 1.17567
32 10.0774 9.22863 -1.04602
33 6.48553 20.7283 1.07473
34 16.212 16.6975 -0.048774
35 4.28775 7.86886 1.28027
36 20.4508 9.20481 1.10401
37 8.9115 16.8753 0.526253
38 5.15888 4.17203 -2.78017
39 4.13064 16.6033 2.9223
40 6.16329 21.9274 0.262598
41 23.6653 3.12222 0.322182
42 8.50499 9.56235 -2.94686
43 0.323831 12.2971 0.12325
44 20.1327 5.67936 -1.98462
45 1.67997 8.39767 1.33329
46 10.9186 5.22365 2.53182
47 9.64682 17.0945 1.1654
48 4.62419 18.6853 -0.304993
49 17.9401 5.08574 -1.23015
50 10.9756 4.3003 2.74876
51 13.7196 3.61231 1.84651
52 0.303775 19.2672 -0.810739
53 2.50175 15.4871 -1.55099
54 6.15546 24.5647 -0.816741
55 4.55817 9.49028 2.44685
56 8.8553 12.0671 -2.77147
57 10.4883 11.9205 -2.19908
58 14.4803 10.4171 2.42345
59 13.3226 21.9726 1.06639
60 12.6701 17.2647 2.76948
61 12.4979 12.7799 -1.87328
62 4.03424 5.35072 -0.297395
63 2.66268 10.1208 0.336523
64 9.87653 9.89913 -3.08955
65 12.6802 16.3848 0.594718
66 12.1734 12.6419 2.75194
67 11.6622 9.01003 0.709411
68 15.5057 15.6079 0.515979
69 9.00562 15.1187 -0.251218
70 18.057 23.7508 -2.10276
71 16.7861 7.23816 -0.688245
72 13.6362 17.9151 -1.82921
73 4.54126 18.0128 -1.53494
74 16.8048 5.33185 0.522646
75 4.83512 4.95911 -0.0474115
76 8.94015 4.8842 0.939036
77 10.5663 15.5066 2.57635
78 7.90281 17.7166 0.00561147
79 3.03031 18.1052 2.41098
80 18.2291 15.9983 1.5886
81 5.72523 9.93358 1.88414
82 5.60775 12.174 0.986215
83 3.83269 5.91174 0.740093
84 6.56622 10.4704 2.22445
85 12.0925 2.71579 -0.582724
86 0.581791 3.7029 1.03879
87 11.7918 3.41 -1.94563
88 15.3192 20.0607 -1.69145
89 8.85112 8.924 -0.725806
90 18.8959 7.057 -2.75877
91 8.80467 9.55581 -1.96184
92 18.813 8.90805 -2.63337
93 16.3894 10.0022 -1.03487
94 2.98939 5.62837 -0.473749
95 17.1555 7.12294 1.93983
96 11.3401 0.269386 -0.183302
97 6.34974 -0.85503 1.67351
98 9.43712 19.7492 -1.18351
99 13.6262 9.43315 1.38176
