100
Particles
0 -5.80255 -15.2171 -2.02497
1 47.9191 8.74207 0.191521
2 49.1766 15.5858 -0.0482543
3 -12.208 28.76 2.70934
4 15.6771 29.8166 1.39217
5 -4.15714 -16.0088 -2.02497
6 -4.6722 -16.0945 -2.02497
7 15.409 30.2345 1.39217
8 -10.4591 -8.12245 -2.17338
9 -4.38011 44.9473 1.85395
10 29.4177 39.56 1.03191
11 5.99279 -20.6979 -1.61726
12 15.7312 30.3481 1.39217
13 -3.9021 43.8674 1.85396
14 16.2846 29.7539 1.39217
15 15.6628 43.9681 1.29527
16 9.24819 45.8237 1.77661
17 8.46881 45.7916 1.77661
18 -20.0618 13.1289 -3.13365
19 28.3401 38.509 1.03229
20 -20.6207 -5.15988 -2.63252
21 -1.33526 -24.1652 -1.71767
22 7.15802 -25.9579 -1.53075
23 -24.7766 18.7888 2.66752
24 38.2453 15.606 0.401628
25 28.4976 39.3329 1.03206
26 -4.81946 -17.1249 -2.02497
27 -1.96952 -23.0346 -1.71767
28 -4.20601 44.7847 1.85395
29 -2.19363 -23.538 -1.71767
30 37.4008 -8.00667 -0.689808
31 37.6176 15.8939 0.401628
32 -22.9087 22.4528 2.63999
33 -10.8305 -8.78551 -2.17338
34 -25.7248 12.5566 2.69836
35 -14.8147 0.908858 -2.63365
36 27.6954 39.6002 1.03208
37 28.4112 40.0796 1.03196
38 30.003 41.2 1.03182
39 16.5649 44.0853 1.29527
40 -3.49997 44.7537 1.85395
41 5.32906 -21.7325 -1.61726
42 -5.54757 -16.1195 -2.02497
43 -11.0862 -9.12585 -2.17338
44 27.7258 40.5543 1.03202
45 16.7714 43.7515 1.29527
46 24.5117 37.0612 1.09642
47 16.2125 30.5539 1.39217
48 1.1861 31.9607 2.24929
49 8.46874 45.8069 1.77661
50 6.42435 -27.3478 -1.53075
51 29.1276 40.4947 1.03188
52 8.88437 46.2127 1.77661
53 -2.99465 46.7967 1.845
54 29.3076 40.3213 1.03188
55 -14.6454 1.49448 -2.63365
56 21.5336 -23.0753 -1.5126
57 29.4911 40.4174 1.03185
58 9.54972 46.2723 1.77661
59 -1.96104 -24.463 -1.71767
60 -4.4498 -15.9954 -2.02497
61 -20.1317 12.4565 -3.13365
62 -24.6838 19.7119 2.66752
63 27.5084 38.6657 1.03227
64 25.5013 37.1363 1.09642
65 -4.24504 -16.651 -2.02497
66 -23.4065 34.5775 2.58822
67 -23.9254 19.1395 2.66752
68 -3.74133 -16.3423 -2.02497
69 6.68972 -25.9584 -1.53075
70 6.13176 -26.4466 -1.53075
71 -2.75803 43.8044 1.85396
72 15.8033 28.9041 1.39217
73 -1.33182 -23.6484 -1.71767
74 37.7392 16.1856 0.401628
75 -11.3085 -7.79532 -2.17338
76 15.1728 30.5996 1.39217
77 -1.67671 -24.5622 -1.71767
78 -10.3755 40.2145 1.97642
79 -10.8973 39.7388 1.97642
80 27.6337 37.8856 1.03237
81 38.6399 15.8179 0.401628
82 9.32017 45.4142 1.77661
83 26.973 37.5959 1.03244
84 14.7132 29.8058 1.39217
85 -11.0498 -7.88937 -2.17338
86 28.7277 41.0048 1.03188
87 16.0173 30.8361 1.39217
88 5.45461 -20.7723 -1.61726
89 -22.4237 22.4294 2.63999
90 43.1076 27.5117 0.595294
91 -4.33129 43.5156 1.85396
92 5.36702 -21.2667 -1.61726
93 -10.9708 39.7533 1.97642
94 4.65096 -21.2963 -1.61726
95 -5.01379 44.6168 1.85395
96 -3.34042 43.6552 1.85396
97 28.996 37.8317 1.03234
98 -5.13494 -16.3515 -2.02497
99 -3.60522 46.1503 1.845
