100
Particles
0 -6.35095 -16.3404 -2.02497
1 49.1463 8.98001 0.191521
2 50.4252 15.5255 -0.0482543
3 -13.343 29.2836 2.70934
4 15.8992 31.0467 1.39217
5 -4.70554 -17.132 -2.02497
6 -5.2206 -17.2177 -2.02497
7 15.6311 31.4646 1.39217
8 -11.1675 -9.15229 -2.17338
9 -4.72935 46.1475 1.85395
10 30.0591 40.6329 1.03195
11 5.93472 -21.9465 -1.61726
12 15.9533 31.5782 1.39217
13 -4.25134 45.0677 1.85396
14 16.5067 30.984 1.39217
15 16.0029 45.1709 1.29527
16 8.99274 47.0473 1.77661
17 8.21337 47.0152 1.77661
18 -21.3118 13.119 -3.13365
19 28.9813 39.582 1.0322
20 -21.7122 -5.76909 -2.63252
21 -1.5182 -25.4018 -1.71767
22 7.20806 -27.2069 -1.53075
23 -25.8888 19.3594 2.66752
24 39.3958 16.0946 0.401628
25 29.139 40.4059 1.03205
26 -5.36786 -18.2482 -2.02497
27 -2.15245 -24.2712 -1.71767
28 -4.55525 45.9849 1.85395
29 -2.37657 -24.7746 -1.71767
30 38.365 -8.80216 -0.689808
31 38.7681 16.3826 0.401628
32 -24.0048 23.0538 2.63999
33 -11.5389 -9.81535 -2.17338
34 -26.8541 13.0927 2.69836
35 -15.9069 0.300886 -2.63365
36 28.3367 40.6732 1.03207
37 29.0526 41.1525 1.03199
38 30.6446 42.2728 1.0319
39 16.905 45.2882 1.29527
40 -3.84921 45.9539 1.85395
41 5.271 -22.9812 -1.61726
42 -6.09597 -17.2427 -2.02497
43 -11.7946 -10.1557 -2.17338
44 28.3671 41.6272 1.03203
45 17.1115 44.9544 1.29527
46 25.0827 38.1732 1.09642
47 16.4346 31.784 1.39217
48 0.401573 32.9339 2.24929
49 8.21329 47.0305 1.77661
50 6.47439 -28.5968 -1.53075
51 29.7691 41.5675 1.03194
52 8.62892 47.4363 1.77661
53 -3.33312 48 1.845
54 29.9491 41.3941 1.03194
55 -15.7376 0.886511 -2.63365
56 21.6063 -24.3232 -1.5126
57 30.1325 41.4902 1.03192
58 9.29427 47.496 1.77661
59 -2.14397 -25.6996 -1.71767
60 -4.9982 -17.1186 -2.02497
61 -21.3817 12.4465 -3.13365
62 -25.7959 20.2826 2.66752
63 28.1495 39.7387 1.03219
64 26.0723 38.2483 1.09642
65 -4.79344 -17.7743 -2.02497
66 -24.4699 35.2345 2.58822
67 -25.0376 19.7101 2.66752
68 -4.28973 -17.4655 -2.02497
69 6.73976 -27.2074 -1.53075
70 6.1818 -27.6956 -1.53075
71 -3.10727 45.0047 1.85396
72 16.0254 30.1342 1.39217
73 -1.51476 -24.8849 -1.71767
74 38.8897 16.6742 0.401628
75 -12.017 -8.82516 -2.17338
76 15.3949 31.8297 1.39217
77 -1.85965 -25.7988 -1.71767
78 -10.8687 41.3631 1.97642
79 -11.3905 40.8873 1.97642
80 28.2748 38.9587 1.03225
81 39.7904 16.3065 0.401628
82 9.06472 46.6378 1.77661
83 27.614 38.6691 1.0323
84 14.9353 31.036 1.39217
85 -11.7583 -8.91921 -2.17338
86 29.3692 42.0777 1.03193
87 16.2394 32.0662 1.39217
88 5.39654 -22.021 -1.61726
89 -23.5198 23.0305 2.63999
90 44.1426 28.2127 0.595294
91 -4.68053 44.7158 1.85396
92 5.30896 -22.5154 -1.61726
93 -11.4641 40.9019 1.97642
94 4.59289 -22.545 -1.61726
95 -5.36303 45.817 1.85395
96 -3.68966 44.8554 1.85396
97 29.6371 38.9048 1.03223
98 -5.68334 -17.4748 -2.02497
99 -3.94369 47.3536 1.845
