100
Particles
0 11.4382 7.1558 -0.759587
1 13.9144 19.5998 -2.74006
2 14.4225 4.24128 2.82312
3 10.4945 4.7629 -0.530629
4 10.73 9.15122 -2.87233
5 5.45807 14.1387 2.86367
6 -0.460084 3.61626 1.9189
7 11.5829 19.7625 3.10901
8 8.531 7.73825 -2.8242
9 11.7373 2.10231 -1.41627
10 10.6443 3.13285 1.14336
11 8.61707 19.3626 -2.77316
12 7.30486 16.7861 -2.7231
13 16.9125 2.57731 2.07772
14 3.19489 17.5576 2.6893
15 20.7921 14.8073 -0.296904
16 2.69594 3.00377 -2.51027
17 17.3893 14.9529 -2.72982
18 -0.0797015 17.7879 0.936234
19 9.53171 7.88249 -1.50775
20 6.85938 4.64514 -1.04286
21 19.6569 18.3453 -2.34546
22 15.2218 13.2326 -2.63292
23 5.93992 3.42082 -2.35918
24 -0.33019 10.4206 1.27088
25 5.28025 8.56622 -2.14376
26 0.826395 11.1105 -3.03352
27 18.1332 14.8587 1.15145
28 15.1242 6.30045 1.98989
29 0.420048 12.1387 -1.7497
30 10.8762 8.78813 -1.72441
31 1.82189 8.14769 -0.563525
32 8.54332 9.56714 -2.09466
33 6.86782 18.964 -1.33485
34 14.3914 15.9045 1.26074
35 0.668005 4.76986 1.05837
36 19.3758 8.29061 0.236921
37 11.7215 17.589 -1.404
38 3.96916 3.24806 2.11712
39 5.23357 13.0302 -0.459395
40 4.88074 19.1556 -3.13792
41 17.8364 1.10658 0.687814
42 11.2564 9.10317 2.98854
43 2.12018 11.4257 2.4977
44 18.0119 7.82937 -2.03662
45 3.73749 8.17781 -2.85036
46 10.1042 7.00718 3.13371
47 8.79445 16.4886 0.969614
48 5.99945 16.1763 -2.192
49 18.7192 6.38276 2.3157
50 12.5392 6.89129 0.634527
51 10.4382 3.05759 -1.41718
52 1.3188 19.3341 0.857963
53 3.8277 15.9339 -2.45735
54 6.17649 22.4821 0.507
55 5.79469 7.9106 -0.707879
56 9.24325 9.93051 0.901329
57 10.8354 14.554 -2.09862
58 15.3856 8.91727 -2.77244
59 13.9619 18.269 -1.63425
60 11.8415 17.3485 -2.02286
61 12.7837 13.213 0.0919595
62 4.92709 4.95166 2.9985
63 1.93193 8.47459 1.03738
64 12.1752 9.74167 -1.05977
65 10.8097 15.5572 -1.27011
66 14.1535 12.5259 -1.11425
67 11.59 7.24938 0.140503
68 15.8947 15.5564 -1.34185
69 9.31076 14.6625 -2.66912
70 19.9102 21.5286 -0.144299
71 17.6296 8.91078 2.81716
72 13.3692 17.8488 -1.64933
73 3.71816 18.5585 -2.73006
74 17.8218 4.28225 -2.90837
75 5.57152 4.72528 0.0844334
76 7.65569 4.10953 -1.90246
77 10.1699 14.1128 0.544267
78 9.39101 16.5665 -1.63699
79 3.82755 17.3171 -0.791069
80 15.8161 14.6393 1.92214
81 7.11602 10.6008 2.27393
82 4.99029 12.8168 0.848225
83 2.89377 5.57752 1.39083
84 6.01481 7.41278 -1.0972
85 10.6165 3.18793 -2.4691
86 0.611037 3.98271 2.70067
87 12.9906 2.27147 -3.02983
88 14.5574 18.5502 2.56158
89 9.56967 7.66231 -0.370204
90 19.1812 7.11472 2.38005
91 7.20553 11.1801 -0.379215
92 17.5948 11.144 0.434639
93 13.7534 11.8642 2.31081
94 2.96151 6.59442 0.446725
95 15.868 6.28433 -1.08232
96 10.6744 -2.0335 1.69768
97 7.50599 0.515288 -0.241651
98 9.17546 20.5057 0.185019
99 14.3877 8.15744 0.134584
