100
Particles
0 -10.9575 -25.776 -2.02497
1 59.4543 10.9787 0.191521
2 60.913 15.019 -0.0482543
3 -22.8773 33.6822 2.70934
4 17.7648 41.3796 1.39217
5 -9.3121 -26.5676 -2.02497
6 -9.82717 -26.6533 -2.02497
7 17.4968 41.7976 1.39217
8 -17.1187 -17.8029 -2.17338
9 -7.66294 56.2294 1.85396
10 35.4466 49.6454 1.03203
11 5.44699 -32.4352 -1.61726
12 17.8189 41.9112 1.39217
13 -7.18494 55.1495 1.85396
14 18.3723 41.317 1.39217
15 18.8595 55.2749 1.29527
16 6.84697 57.3257 1.77661
17 6.0676 57.2936 1.77661
18 -31.8115 13.0355 -3.13365
19 34.3682 48.5949 1.03204
20 -30.8808 -10.8865 -2.63252
21 -3.05486 -35.7887 -1.71767
22 7.62842 -37.6985 -1.53075
23 -35.2308 24.1528 2.66752
24 49.0603 20.1993 0.401628
25 34.5262 49.4185 1.03204
26 -9.97442 -27.6837 -2.02497
27 -3.68911 -34.6581 -1.71767
28 -7.48884 56.0668 1.85396
29 -3.91322 -35.1615 -1.71767
30 46.4643 -15.4842 -0.689808
31 48.4326 20.4872 0.401628
32 -33.2113 28.1026 2.63999
33 -17.4901 -18.466 -2.17338
34 -36.3395 17.5957 2.69836
35 -25.0812 -4.80608 -2.63365
36 33.7239 49.6858 1.03204
37 34.44 50.165 1.03203
38 36.0322 51.2852 1.03203
39 19.7616 55.3921 1.29527
40 -6.7828 56.0357 1.85396
41 4.78327 -33.4698 -1.61726
42 -10.7025 -26.6783 -2.02497
43 -17.7458 -18.8063 -2.17338
44 33.7544 50.6398 1.03203
45 19.9681 55.0584 1.29527
46 29.8789 47.5138 1.09642
47 18.3002 42.117 1.39217
48 -6.18841 41.1084 2.24929
49 6.06752 57.3089 1.77661
50 6.89474 -39.0884 -1.53075
51 35.1566 50.58 1.03203
52 6.48315 57.7148 1.77661
53 -6.17628 58.1078 1.845
54 35.3366 50.4066 1.03203
55 -24.912 -4.22046 -2.63365
56 22.2171 -34.8054 -1.5126
57 35.5201 50.5027 1.03203
58 7.14851 57.7744 1.77661
59 -3.68063 -36.0865 -1.71767
60 -9.60476 -26.5542 -2.02497
61 -31.8813 12.3631 -3.13365
62 -35.1379 25.076 2.66752
63 33.5365 48.7516 1.03204
64 30.8685 47.5889 1.09642
65 -9.4 -27.2099 -2.02497
66 -33.4029 40.7528 2.58822
67 -34.3796 24.5036 2.66752
68 -8.89629 -26.9011 -2.02497
69 7.16012 -37.699 -1.53075
70 6.60216 -38.1872 -1.53075
71 -6.04087 55.0865 1.85396
72 17.891 40.4672 1.39217
73 -3.05142 -35.2719 -1.71767
74 48.5542 20.7788 0.401628
75 -17.9681 -17.4758 -2.17338
76 17.2606 42.1626 1.39217
77 -3.3963 -36.1857 -1.71767
78 -15.0119 51.0111 1.97642
79 -15.5337 50.5353 1.97642
80 33.6615 47.9716 1.03204
81 49.4549 20.4112 0.401628
82 6.91895 56.9162 1.77661
83 33.0007 47.682 1.03204
84 16.801 41.3689 1.39217
85 -17.7095 -17.5699 -2.17338
86 34.7567 51.0902 1.03203
87 18.105 42.3991 1.39217
88 4.90881 -32.5097 -1.61726
89 -32.7263 28.0792 2.63999
90 52.8364 34.1006 0.595294
91 -7.61412 54.7977 1.85396
92 4.82123 -33.004 -1.61726
93 -15.6073 50.5499 1.97642
94 4.10516 -33.0336 -1.61726
95 -8.29662 55.8989 1.85396
96 -6.62325 54.9373 1.85396
97 35.0239 47.9177 1.03204
98 -10.2899 -26.9103 -2.02497
99 -6.78685 57.4614 1.845
