100
Particles
0 11.7968 6.85858 1.82166
1 13.4213 18.7996 -1.55943
2 13.9697 3.47437 -1.43871
3 10.6225 4.95387 3.07802
4 10.8904 8.99103 0.725127
5 5.25365 14.5994 2.57295
6 -0.482502 4.14661 1.2651
7 11.612 19.9125 -1.39006
8 8.84435 7.56446 -0.715788
9 11.8016 1.99381 -2.08718
10 11.3123 3.17638 2.13085
11 8.7418 19.0657 1.7576
12 8.05617 16.6085 2.02371
13 16.8283 3.11584 -0.486953
14 3.80257 17.9544 -0.137238
15 21.0818 14.3405 -0.327998
16 2.27626 2.84617 -2.49562
17 17.1512 15.2298 0.566741
18 -0.134335 18.1615 2.01188
19 9.30836 8.03919 1.62467
20 6.46464 4.41143 -2.45111
21 19.9135 19.1994 1.85782
22 14.639 12.8696 -2.70683
23 6.10888 3.73419 -0.818415
24 -1.19656 9.95993 -2.28775
25 5.18667 8.24984 3.0928
26 1.45249 10.783 -0.0745072
27 17.3114 15.4153 1.83433
28 14.2874 6.03528 -2.34773
29 0.72144 12.0313 3.10725
30 10.7422 8.63181 0.88214
31 2.2014 8.53696 -0.356563
32 8.7964 10.1407 0.725631
33 6.23874 19.1069 -2.32942
34 14.3405 16.2429 2.03006
35 1.25659 5.07911 0.576841
36 19.1325 8.88441 -2.9848
37 11.3256 17.479 -2.53229
38 4.3056 3.88212 -0.831725
39 5.69396 13.3441 -0.723408
40 4.70953 18.8908 -0.283237
41 18.502 0.882705 -1.83921
42 11.2709 8.52663 -0.227246
43 1.535 11.7239 2.86486
44 18.5309 7.61774 -0.59599
45 3.39158 8.17702 -2.99493
46 9.34637 6.19787 -2.96728
47 8.78074 16.6242 -0.67798
48 6.10726 15.6824 -1.72606
49 18.4846 6.13112 -0.152477
50 12.8037 6.93487 2.06394
51 10.669 2.96338 -0.763861
52 1.51615 19.6795 0.348376
53 3.11829 16.0112 1.22891
54 5.84664 22.7292 2.39001
55 6.43281 7.59059 1.23989
56 9.08418 9.71783 -1.92135
57 10.9101 14.6677 0.338611
58 15.7257 8.70452 -1.1348
59 14.6037 18.0699 0.110619
60 11.168 16.9083 -2.60384
61 11.8108 13.4706 2.52851
62 5.03721 5.20551 1.56163
63 2.03829 8.48233 0.729424
64 11.3461 10.132 3.03789
65 11.797 15.9048 -0.127568
66 13.5288 12.1664 -3.09734
67 10.8179 7.49241 -3.06995
68 15.9955 15.5207 -0.809405
69 9.20933 14.6362 2.51423
70 18.8924 21.676 2.66803
71 18.5204 9.14634 -0.255835
72 13.7066 17.2609 0.781767
73 3.32777 18.8757 -0.746665
74 17.7777 4.91849 -0.759521
75 4.92892 5.07446 -2.14468
76 6.88524 4.28926 -1.9696
77 10.0261 14.639 0.741769
78 9.55514 16.7557 0.257382
79 3.97557 17.2577 -0.0504622
80 16.5185 14.1029 0.963077
81 6.90022 10.8063 1.67095
82 5.78709 12.595 0.154271
83 3.00537 5.29571 -2.90307
84 5.82145 7.53998 2.5624
85 10.7873 3.06387 0.925159
86 0.981453 3.86703 -0.0215866
87 13.5975 2.14978 -0.523987
88 14.75 18.5636 -1.64237
89 9.09726 7.87195 0.747676
90 18.819 7.10214 -2.73624
91 7.77058 11.1486 0.11097
92 18.2218 11.0637 0.279761
93 13.3249 11.8876 1.54578
94 3.1511 6.83697 -0.22198
95 15.657 6.37378 1.6456
96 10.5208 -1.95333 2.20315
97 7.02637 0.243327 -1.83685
98 9.32219 20.7444 -0.226241
99 14.9353 8.46395 -3.07742
