100
Particles
0 -9.42199 -22.6308 -2.02497
1 56.0183 10.3125 0.191521
2 57.417 15.1878 -0.0482543
3 -19.6992 32.216 2.70934
4 17.1429 37.9353 1.39217
5 -7.77658 -23.4224 -2.02497
6 -8.29164 -23.5081 -2.02497
7 16.8749 38.3533 1.39217
8 -15.135 -14.9194 -2.17338
9 -6.68508 52.8687 1.85396
10 33.6508 46.6412 1.03203
11 5.60957 -28.939 -1.61726
12 17.197 38.4669 1.39217
13 -6.20707 51.7889 1.85396
14 17.7505 37.8727 1.39217
15 17.9073 51.9069 1.29527
16 7.56223 53.8996 1.77661
17 6.78285 53.8675 1.77661
18 -28.3116 13.0633 -3.13365
19 32.5724 45.5907 1.03205
20 -27.8246 -9.18068 -2.63252
21 -2.54264 -32.3264 -1.71767
22 7.4883 -34.2013 -1.53075
23 -32.1168 22.555 2.66752
24 45.8388 18.8311 0.401628
25 32.7304 46.4143 1.03204
26 -8.4389 -24.5386 -2.02497
27 -3.17689 -31.1958 -1.71767
28 -6.51098 52.7062 1.85396
29 -3.401 -31.6992 -1.71767
30 43.7646 -13.2569 -0.689808
31 45.2111 19.119 0.401628
32 -30.1424 26.4197 2.63999
33 -15.5064 -15.5824 -2.17338
34 -33.1777 16.0947 2.69836
35 -22.0231 -3.10376 -2.63365
36 31.9282 46.6816 1.03204
37 32.6442 47.1608 1.03203
38 34.2364 48.281 1.03202
39 18.8094 52.0241 1.29527
40 -5.80494 52.6751 1.85396
41 4.94585 -29.9736 -1.61726
42 -9.16701 -23.5331 -2.02497
43 -15.7621 -15.9228 -2.17338
44 31.9587 47.6356 1.03203
45 19.0159 51.6904 1.29527
46 28.2802 44.4002 1.09642
47 17.6783 38.6727 1.39217
48 -3.99175 38.3835 2.24929
49 6.78278 53.8828 1.77661
50 6.75463 -35.5912 -1.53075
51 33.3608 47.5758 1.03203
52 7.19841 54.2886 1.77661
53 -5.22856 54.7385 1.845
54 33.5408 47.4024 1.03203
55 -21.8538 -2.51814 -2.63365
56 22.0135 -31.3114 -1.5126
57 33.7243 47.4985 1.03202
58 7.86376 54.3482 1.77661
59 -3.16841 -32.6242 -1.71767
60 -8.06924 -23.409 -2.02497
61 -28.3814 12.3909 -3.13365
62 -32.0239 23.4782 2.66752
63 31.7407 45.7473 1.03205
64 29.2698 44.4753 1.09642
65 -7.86448 -24.0647 -2.02497
66 -30.4252 38.9134 2.58822
67 -31.2656 22.9057 2.66752
68 -7.36077 -23.7559 -2.02497
69 7.02 -34.2018 -1.53075
70 6.46204 -34.69 -1.53075
71 -5.063 51.7259 1.85396
72 17.2691 37.0229 1.39217
73 -2.5392 -31.8095 -1.71767
74 45.3327 19.4106 0.401628
75 -15.9844 -14.5923 -2.17338
76 16.6387 38.7183 1.39217
77 -2.88409 -32.7234 -1.71767
78 -13.6309 47.7951 1.97642
79 -14.1527 47.3193 1.97642
80 31.8658 44.9674 1.03205
81 46.2334 19.043 0.401628
82 7.63421 53.4901 1.77661
83 31.2049 44.6778 1.03206
84 16.1791 37.9246 1.39217
85 -15.7257 -14.6863 -2.17338
86 32.961 48.086 1.03203
87 17.4831 38.9548 1.39217
88 5.07139 -29.0134 -1.61726
89 -29.6574 26.3963 2.63999
90 49.9385 32.1379 0.595294
91 -6.63626 51.4371 1.85396
92 4.98381 -29.5078 -1.61726
93 -14.2262 47.3339 1.97642
94 4.26774 -29.5374 -1.61726
95 -7.31876 52.5383 1.85396
96 -5.64539 51.5767 1.85396
97 33.2282 44.9135 1.03205
98 -8.75439 -23.7652 -2.02497
99 -5.83913 54.0921 1.845
