100
Particles
0 12.6982 6.48844 -1.92493
1 12.8643 16.0653 -0.442164
2 14.4983 1.12286 -2.81661
3 10.3723 7.33356 -0.30505
4 11.2862 10.4004 2.33902
5 3.28331 14.1133 1.30259
6 -0.705788 5.006 -1.39452
7 10.5798 21.3376 2.28015
8 8.92574 9.88751 -3.03235
9 12.3726 2.84519 -1.15195
10 12.967 2.02886 2.42141
11 7.64668 20.21 -2.78598
12 9.23213 17.9476 -2.45523
13 17.2428 4.96906 2.70058
14 3.85936 20.338 1.2124
15 22.1991 14.9108 2.26533
16 2.21874 2.49829 -0.834445
17 18.0071 16.6079 -2.79041
18 0.0732579 19.1328 0.595942
19 7.64832 8.10579 -2.18905
20 7.96754 6.47556 0.378263
21 20.065 22.0153 1.23084
22 13.2071 12.0723 -2.70039
23 4.94449 1.74239 -0.0526493
24 -0.623241 10.0258 -0.699925
25 3.0007 8.68501 -0.430383
26 1.18991 7.90419 -1.77162
27 17.1736 14.2717 -2.09241
28 11.9905 7.92177 1.86718
29 0.616498 11.6087 -2.68447
30 10.0788 8.04052 -1.66085
31 0.888341 9.47768 3.11862
32 9.48911 10.1683 -0.57518
33 6.21051 20.2829 -2.34155
34 16.0554 16.9714 2.68844
35 3.68763 7.24796 0.558913
36 19.9326 8.8858 0.345765
37 8.98361 17.7108 -2.38174
38 4.87298 4.65715 0.0208425
39 4.42988 15.7367 -2.9927
40 5.34159 21.1115 2.86542
41 22.4083 2.56895 0.880376
42 9.03705 8.77723 -2.05743
43 -0.891824 13.3544 0.456771
44 19.5971 6.66183 -1.97555
45 1.32243 8.62562 2.95906
46 11.399 4.74286 -1.67232
47 9.2115 16.5789 -1.72549
48 3.66616 17.6029 2.78495
49 18.371 6.28108 -3.02261
50 10.535 4.18037 0.519325
51 14.4094 4.12571 1.24483
52 -0.25211 20.1795 2.66879
53 2.76786 15.8071 -1.86686
54 6.1061 23.9405 2.62346
55 4.49841 9.11091 1.12652
56 8.60459 11.6406 2.35514
57 10.2553 12.0299 -1.24808
58 15.0203 10.3755 1.97776
59 13.5296 20.7713 -0.864321
60 13.4389 16.8089 -1.83071
61 12.2028 12.8124 0.936227
62 3.55534 6.1224 -0.255383
63 2.10314 9.53692 1.82684
64 9.867 9.72979 -1.57141
65 12.9003 16.2401 1.79525
66 12.5739 12.6629 -1.86288
67 10.6698 8.57993 1.81349
68 15.7569 16.0648 -3.03133
69 10.3367 14.6903 0.370477
70 18.6296 23.1816 -2.36918
71 16.8007 8.09749 1.28332
72 13.7041 17.7451 0.941537
73 3.95303 18.2115 2.7809
74 15.9844 5.72436 1.0147
75 4.74527 4.80424 2.27534
76 8.21298 3.92593 2.76809
77 11.058 15.2511 -1.88321
78 7.47547 17.6641 -2.26567
79 3.64628 17.8918 3.0512
80 18.6403 15.8637 -0.378756
81 5.7244 8.71295 2.27869
82 5.29138 12.4526 1.87754
83 2.51229 6.10306 2.82964
84 6.1153 10.0583 1.926
85 11.2781 2.7589 -0.392231
86 1.05575 3.63988 -2.29146
87 12.6144 3.1997 1.48612
88 15.0672 20.3928 1.34203
89 9.022 9.42308 -0.842731
90 18.9282 7.17017 0.0110598
91 8.06957 10.27 1.01039
92 17.7742 9.2172 0.852913
93 15.763 10.8707 -2.52569
94 1.70022 6.02974 1.04982
95 16.649 7.28272 -3.00532
96 11.9664 -0.113469 3.24264
97 6.97143 -1.58851 0.254837
98 9.8583 20.6765 -1.12677
99 13.2871 8.33565 -0.639638
