100
Particles
0 10.7589 7.29816 1.69255
1 14.1914 19.5109 -1.2442
2 13.8952 3.27173 -0.768723
3 8.59305 4.09356 2.5615
4 11.0648 8.57732 1.19924
5 6.15656 13.8702 -2.5577
6 1.35578 4.0563 -0.114289
7 12.3686 20.6392 1.15414
8 9.44486 7.79543 -3.10987
9 11.1394 2.81961 -1.49428
10 10.6529 3.31179 -1.69917
11 9.04643 20.415 -1.43366
12 8.12441 17.2576 1.47228
13 16.2218 2.60748 -0.384213
14 3.20377 16.0156 -1.47449
15 20.8826 15.6075 -0.501513
16 3.38511 3.43805 0.1701
17 16.9787 14.7249 -0.42056
18 -0.730918 16.098 -3.06179
19 11.3455 7.95213 2.7493
20 6.71953 6.10136 2.80297
21 19.2617 19.0027 2.41012
22 14.4783 12.5901 2.16749
23 6.49371 4.60084 -0.146587
24 -0.0910337 9.31945 -2.82545
25 4.92643 7.73479 -3.01356
26 2.25026 10.2034 0.568129
27 17.6356 13.8055 2.64511
28 14.3311 5.44928 0.725865
29 0.635846 12.2684 1.93255
30 10.7038 9.30544 -2.05304
31 1.99956 8.92548 -0.557212
32 9.25873 9.29322 -1.84452
33 8.01718 19.2134 2.178
34 14.2791 15.6952 2.32434
35 1.08083 5.92223 1.73043
36 19.268 7.80788 -2.75618
37 11.6176 17.352 0.533741
38 4.14835 3.09398 -1.85207
39 3.22483 11.5663 0.377607
40 4.72202 19.3054 0.0967515
41 18.2186 0.996814 -0.870335
42 11.1317 9.60073 0.391773
43 2.44315 11.3817 -0.983479
44 17.1153 6.69394 1.53238
45 3.30444 7.91183 2.35807
46 10.4788 7.47493 -1.37745
47 9.17452 16.5226 -2.4652
48 6.9573 17.5066 0.0783364
49 18.524 5.89635 -0.481355
50 12.0793 5.3854 2.43979
51 9.78028 2.34877 -0.391771
52 2.13932 19.5569 -0.86134
53 3.86804 15.5841 -2.76678
54 5.89219 22.0063 -2.36137
55 6.15601 8.18107 0.285594
56 8.79318 11.1368 -0.00912294
57 10.8204 13.2609 -2.43543
58 13.8733 7.32051 -2.1156
59 14.0069 18.561 -2.6886
60 12.1838 18.3112 -1.49827
61 13.6319 13.2283 1.08529
62 4.27835 3.89897 -2.15288
63 2.10684 8.23825 -0.696724
64 13.142 10.1339 2.93421
65 10.9096 16.0842 -3.01545
66 14.1216 12.9471 2.90854
67 10.5444 7.16509 -0.530182
68 15.5476 15.0116 -2.57332
69 10.3337 16.3806 2.66265
70 18.6173 20.7102 0.908487
71 18.1773 9.07592 0.956943
72 12.8922 18.1135 2.81883
73 5.3 18.0759 1.82274
74 18.3322 5.39195 2.82243
75 4.72017 4.67747 -2.53488
76 8.07676 4.06373 2.29238
77 9.96198 14.066 -1.40806
78 8.7831 15.9461 2.58401
79 3.1956 17.8207 -2.24048
80 15.231 14.7854 1.29608
81 8.06046 9.70833 -1.42933
82 5.22153 12.5145 0.446749
83 1.38251 4.76447 2.33559
84 6.81633 6.37279 -3.09676
85 10.3434 2.46142 0.149361
86 0.592734 5.08389 -0.884478
87 12.4209 3.20612 -2.6928
88 13.4892 16.6838 2.0521
89 10.0808 8.75919 -0.414616
90 17.5132 5.82779 0.0568816
91 6.65034 10.927 -1.25576
92 16.9389 9.58791 -0.362405
93 12.9292 11.3728 -0.236008
94 3.43159 5.38199 -2.22256
95 15.8531 6.6453 -1.63647
96 10.0034 -0.731084 -1.07381
97 5.49172 0.148784 -3.09483
98 8.70671 20.7596 2.15669
99 14.6068 8.28713 1.36312
