100
Particles
0 2.69454 10.9578 -1.76022
1 20.6765 3.4598 0.191521
2 21.4589 16.9243 -0.0482543
3 12.9897 17.1351 2.70934
4 12.0345 3.31547 1.33721
5 8.31763 8.7701 -2.23848
6 7.70498 8.74085 -2.08961
7 8.76552 3.63634 0.895307
8 4.79114 14.9832 -1.88256
9 0.803104 17.8652 1.60854
10 14.9561 15.8842 1.11659
11 7.98413 6.81924 -2.46005
12 9.59539 3.49544 0.895307
13 5.24505 18.1006 2.58166
14 16.8061 6.33741 -2.86542
15 8.11341 17.2647 1.2957
16 15.8709 19.1122 2.26326
17 11.9143 19.4552 0.525555
18 7.68728 13.3494 -3.13365
19 16.4425 14.2014 2.31166
20 3.61044 8.36462 -2.63252
21 2.68169 3.29186 -1.6179
22 6.11183 0.775627 2.96302
23 -0.219018 5.9587 2.24681
24 15.681 1.4041 1.05208
25 14.162 15.5829 1.14891
26 7.4207 7.77638 -1.95532
27 2.22223 4.38844 -1.93015
28 1.10478 17.7234 1.60854
29 1.91108 3.90607 -1.77137
30 15.9953 9.65312 -0.689808
31 11.677 9.56805 -0.239275
32 1.42276 9.1096 2.63999
33 4.72915 14.0707 -1.65437
34 -0.656309 0.655703 2.69836
35 9.43183 14.4058 -2.63365
36 13.3075 15.8841 1.15976
37 13.8744 16.4507 1.13326
38 15.7001 17.472 1.46357
39 9.01541 17.382 1.29529
40 7.1503 20.192 2.76
41 6.00501 5.89366 -0.660906
42 6.36645 8.864 -1.28938
43 4.63321 10.8713 1.73303
44 11.5024 18.5592 0.651014
45 9.22179 17.0483 1.29481
46 11.709 12.4504 0.978414
47 12.3563 4.01402 -2.29366
48 18.6025 10.3568 2.24929
49 11.884 19.469 0.525555
50 9.3079 -0.131102 -1.87285
51 14.4645 16.9458 1.10473
52 15.3075 19.4131 2.26326
53 4.51942 20.0834 1.845
54 14.7183 16.7232 1.10706
55 9.60112 14.9915 -2.63365
56 19.9195 4.62769 -1.5126
57 14.9886 16.7679 1.09918
58 16.267 19.5909 2.26326
59 2.0217 2.99634 -1.33347
60 7.96838 8.81792 -2.23848
61 7.61742 12.677 -3.13365
62 0.00406261 7.50357 -2.6598
63 14.3074 14.3298 0.977486
64 12.9604 12.3911 1.21442
65 8.17775 8.1579 -2.16248
66 0.202039 19.9932 2.58822
67 0.632154 6.30942 2.24681
68 8.748 8.42659 -2.28199
69 4.15444 1.52281 -2.42504
70 3.44367 0.954107 0.638098
71 7.83375 18.4927 2.356
72 14.701 2.75157 1.68802
73 2.79402 3.79008 -2.08141
74 11.8113 9.82662 -0.239275
75 3.8677 15.3688 -2.01445
76 7.9766 4.67189 0.171492
77 2.28026 2.89756 -1.62033
78 0.574388 14.7162 1.97642
79 0.05257 14.2405 1.97642
80 14.3753 13.5805 0.817964
81 16.2319 1.41392 1.05208
82 15.9714 18.7101 2.26326
83 13.5921 13.3804 0.634949
84 7.27962 4.16227 0.171492
85 4.15561 15.2545 -2.01445
86 13.9224 18.1397 -1.09945
87 9.66201 4.04302 0.895307
88 7.2493 6.83691 -2.11063
89 1.90777 9.08626 2.63999
90 20.1311 11.9508 0.595294
91 2.87966 17.8449 0.412558
92 6.50397 6.44699 -2.01186
93 -0.020962 14.255 1.97642
94 5.1718 6.22697 -0.660906
95 0.142751 17.5292 1.60854
96 7.0333 18.2233 2.356
97 17.2716 12.8147 1.22939
98 7.07253 8.55983 -1.60809
99 3.90884 19.437 1.845
