100
Particles
0 0.670434 0.400055 -1.76022
1 31.23 5.50609 0.191521
2 32.1964 16.4058 -0.0482543
3 3.22847 21.6385 2.70934
4 12.6565 13.0871 1.39217
5 3.35494 -0.758806 -2.03725
6 2.82941 -0.839348 -2.03725
7 12.3885 13.505 1.39217
8 -0.823878 5.88337 -2.17338
9 0.259579 28.5945 1.76646
10 20.5999 25.0263 1.00324
11 6.78245 -3.71623 -1.61726
12 12.7107 13.6186 1.39217
13 0.888927 27.5569 1.90011
14 13.2641 13.0244 1.39217
15 11.0379 27.6093 1.29527
16 12.7223 29.1825 1.77661
17 11.9429 29.1503 1.77661
18 -3.06238 13.264 -3.13365
19 19.8029 23.8104 1.08837
20 -5.77641 3.1254 -2.63252
21 1.15266 -7.34826 -1.71767
22 6.31393 -8.98369 -1.44559
23 -9.65145 11.028 2.66752
24 22.5981 8.96041 0.401628
25 19.7725 24.7428 1.02543
26 2.68936 -1.87335 -2.03725
27 0.518402 -6.21767 -1.71767
28 0.466351 28.4403 1.79574
29 0.29429 -6.72107 -1.71767
30 24.2875 2.81194 -0.689808
31 21.9704 9.24834 0.401628
32 -8.00296 14.2786 2.63999
33 -1.19526 5.22031 -2.17338
34 -10.3675 5.26595 2.69836
35 0.0390328 9.17728 -2.63365
36 18.9577 25.018 1.00811
37 19.6131 25.5339 1.0031
38 21.1419 26.6933 0.995084
39 11.94 27.7265 1.29527
40 1.19026 28.414 1.8167
41 6.11872 -4.75087 -1.61726
42 1.8985 -0.838192 -2.03725
43 -1.45096 4.87997 -2.17338
44 18.949 25.9956 1.00251
45 12.1465 27.3928 1.29527
46 16.7464 21.9384 1.09642
47 13.1919 13.8244 1.39217
48 11.8556 18.7259 2.24929
49 11.9428 29.1657 1.77661
50 6.11 -10.3944 -1.87285
51 20.2924 25.9718 0.998104
52 12.3585 29.5715 1.77661
53 1.60856 30.4318 1.845
54 20.4724 25.7984 0.998104
55 0.208319 9.76291 -2.63365
56 20.5448 -6.10411 -1.5126
57 20.6451 25.9012 0.99693
58 13.0238 29.6311 1.77661
59 0.526885 -7.64609 -1.71767
60 3.06053 -0.744543 -2.03725
61 -3.13224 12.5915 -3.13365
62 -9.55861 11.9512 2.66752
63 18.9715 23.9676 1.10951
64 17.7359 22.0135 1.09642
65 3.26547 -1.40033 -2.03725
66 -8.9436 25.643 2.58822
67 -8.80028 11.3787 2.66752
68 3.77074 -1.09231 -2.03725
69 5.88807 -8.9809 -1.44559
70 5.43645 -9.46432 -1.44559
71 2.24317 27.5654 2.01061
72 12.7827 12.1746 1.39217
73 1.1561 -6.83141 -1.71767
74 22.0919 9.53998 0.401628
75 -1.6733 6.2105 -2.17338
76 12.1523 13.8701 1.39217
77 0.811208 -7.74526 -1.71767
78 -3.66746 24.5939 1.97642
79 -4.18927 24.1182 1.97642
80 19.1499 23.1578 1.11518
81 22.9927 9.17231 0.401628
82 12.7943 28.7729 1.77661
83 18.5281 22.8471 1.12647
84 11.6927 13.0763 1.39217
85 -1.41463 6.11645 -2.17338
86 19.8903 26.4834 0.997293
87 12.9968 14.1066 1.39217
88 6.24427 -3.7907 -1.61726
89 -7.51795 14.2552 2.63999
90 29.0319 17.9789 0.595294
91 0.492677 27.2157 1.94629
92 6.15668 -4.28506 -1.61726
93 -4.26281 24.1327 1.97642
94 5.44061 -4.31468 -1.61726
95 -0.387985 28.2607 1.75038
96 1.59486 27.3922 1.97808
97 20.8709 22.9442 1.22939
98 2.36392 -1.09506 -2.03725
99 0.997989 29.7854 1.845
