100
Particles
0 12.1753 7.01903 1.84198
1 12.9939 16.5795 0.0871224
2 15.3862 0.401422 -0.268508
3 10.8968 7.65606 -1.92885
4 11.8071 11.0619 2.73105
5 2.81835 14.4688 -2.04164
6 -0.586291 4.86386 1.02761
7 9.33182 20.9286 2.7544
8 9.43717 10.3848 -1.37152
9 11.81 3.18202 0.649387
10 12.3869 2.39946 3.07694
11 7.33123 20.3525 0.651119
12 9.00404 17.541 -3.02026
13 17.6457 4.79672 1.08242
14 4.32827 20.7347 -2.32079
15 21.8783 13.8474 -2.85965
16 1.93929 2.50849 -1.11212
17 18.2898 16.7995 1.22613
18 -1.36651 19.1081 0.664493
19 7.9026 8.65629 0.337436
20 9.12808 6.38804 -1.3398
21 19.1494 20.763 -2.80582
22 13.5873 12.3726 1.70625
23 5.1786 1.62865 -2.04098
24 -1.27207 9.94454 -2.53427
25 2.69165 7.68064 -2.68533
26 1.22218 8.11178 1.72055
27 17.3411 14.31 0.30531
28 11.7944 8.70633 2.32462
29 0.553048 12.3262 2.161
30 9.4922 7.06323 2.34892
31 1.01382 9.62891 -1.25767
32 9.95215 9.44499 0.57129
33 6.36653 20.5085 0.964153
34 15.9623 16.7097 -2.92365
35 4.21614 7.62933 2.72504
36 20.3383 8.98156 1.15368
37 8.69533 16.7497 2.43783
38 5.39273 4.26043 -0.254709
39 4.37465 16.5489 0.191093
40 5.92186 21.8625 0.589641
41 23.4281 3.04306 0.758533
42 8.75026 9.61073 1.29029
43 0.075727 12.2664 -1.6203
44 20.2332 5.90826 0.212097
45 1.62115 8.15469 -0.421657
46 11.1235 5.08048 -1.68969
47 9.54822 16.8648 0.133518
48 4.38573 18.7604 2.56143
49 17.8566 5.32137 -2.64147
50 11.2066 4.2046 1.87625
51 13.7876 3.37175 -1.18758
52 0.131534 19.4484 -3.08823
53 2.4968 15.7371 -1.59152
54 5.98431 24.7469 -1.52233
55 4.75022 9.33023 -1.68608
56 9.08837 12.1575 0.61483
57 10.6352 12.1227 1.35718
58 14.6685 10.2526 -2.81121
59 13.2017 21.7538 -2.78826
60 12.903 17.1738 3.01279
61 12.5724 13.0185 1.07748
62 3.79521 5.42397 -2.14816
63 2.4267 10.0383 -2.88744
64 10.1262 9.91213 2.78447
65 12.4731 16.2447 0.553583
66 12.4046 12.5469 2.50839
67 11.4725 8.84718 -0.226943
68 15.2882 15.4846 1.53403
69 8.76347 15.1808 2.85739
70 18.1838 23.9663 -2.5412
71 16.5931 7.39695 -1.66524
72 13.7001 18.1568 0.746467
73 4.5323 18.2627 -0.180983
74 16.5882 5.20706 -0.889212
75 4.5854 4.97096 1.85035
76 8.79251 4.68245 2.69538
77 10.7774 15.3727 -2.79689
78 7.65282 17.7152 0.582244
79 3.2165 17.9384 1.35947
80 18.2336 15.7484 3.12449
81 5.80229 9.69576 2.37242
82 5.46979 11.9656 -1.3419
83 3.64809 5.74315 0.19512
84 6.71824 10.2719 0.518391
85 11.8837 2.85337 -0.591228
86 0.454975 3.48746 -1.43521
87 11.8834 3.64265 1.55376
88 15.3493 20.3089 -0.392146
89 8.66413 9.08993 0.937631
90 19.1279 7.15039 2.06362
91 8.89996 9.78694 0.702891
92 19.0314 9.02971 0.515841
93 16.2617 10.2172 1.67389
94 2.76693 5.74242 -3.08194
95 17.2456 6.88977 -1.94657
96 11.0943 0.314956 2.11057
97 6.37537 -1.10371 2.68966
98 9.3427 19.9807 0.328524
99 13.5792 9.1876 1.92891
