100
Particles
0 1.51773 4.81957 -1.76022
1 26.8122 4.6495 0.191521
2 27.7017 16.6228 -0.0482543
3 7.31458 19.7534 2.70934
4 11.862 8.65777 1.42184
5 5.37868 3.26046 -2.03725
6 4.85316 3.17991 -2.03725
7 11.5779 9.0787 1.36084
8 1.72655 9.59083 -2.17323
9 0.567235 24.1107 1.60854
10 18.1541 21.249 0.999712
11 6.99147 0.778911 -1.61726
12 11.9102 9.19038 1.39124
13 2.81456 23.4946 2.04013
14 12.4877 8.59215 1.45442
15 9.81365 23.279 1.29527
16 13.6419 24.7774 1.77661
17 12.8625 24.7453 1.77661
18 1.43748 13.2997 -3.13365
19 17.8818 19.7422 1.14208
20 -1.84703 5.31856 -2.63252
21 1.81122 -2.89671 -1.71767
22 5.75198 -4.51892 -1.44559
23 -5.64773 8.9737 2.66752
24 18.7796 6.83195 1.05208
25 17.3432 20.9555 0.986481
26 4.7131 2.14591 -2.03725
27 1.17697 -1.76612 -1.71767
28 0.868907 23.9689 1.60854
29 0.952858 -2.26952 -1.71767
30 20.8163 5.67569 -0.689808
31 17.7489 8.08682 -0.239275
32 -4.05731 12.1148 2.63999
33 1.35532 8.92767 -2.1736
34 -6.30238 3.33608 2.69836
35 3.9709 11.366 -2.63365
36 16.5001 21.2484 0.976123
37 17.1588 21.7621 0.986364
38 18.6997 22.9136 1.00986
39 10.7158 23.3963 1.29527
40 2.92745 24.2832 2.03965
41 6.32775 -0.255725 -1.61726
42 3.92225 3.18107 -2.03725
43 1.09981 8.5872 -2.17406
44 16.4849 22.2303 0.972633
45 10.9222 23.0625 1.29527
46 14.6908 17.9353 1.09642
47 12.3953 9.39551 1.40058
48 14.6799 15.2225 2.24929
49 12.8625 24.7607 1.77661
50 7.44865 -6.09815 -1.87285
51 17.8426 22.1972 0.999163
52 13.2781 25.1665 1.77661
53 2.82706 26.0999 1.845
54 18.0225 22.0237 0.999163
55 4.14019 11.9516 -2.63365
56 20.283 -1.61173 -1.5126
57 18.1983 22.1245 1.00397
58 13.9434 25.2261 1.77661
59 1.18545 -3.19454 -1.71767
60 5.08427 3.27472 -2.03725
61 1.36761 12.6273 -3.13365
62 -5.55489 9.89685 2.66752
63 17.0801 19.8847 1.14208
64 15.6804 18.0104 1.09642
65 5.28921 2.61893 -2.03725
66 -5.11519 23.278 2.58822
67 -4.79656 9.32442 2.66752
68 5.79449 2.92695 -2.03725
69 5.32613 -4.51612 -1.44559
70 4.8745 -4.99954 -1.44559
71 4.26646 23.5461 2.04261
72 12.021 7.74019 1.4918
73 1.81466 -2.37986 -1.71767
74 17.8833 8.34538 -0.239275
75 0.877066 9.91801 -2.17306
76 11.3388 9.44429 1.3529
77 1.46977 -3.29371 -1.71767
78 -1.8918 20.4591 1.97642
79 -2.41362 19.9833 1.97642
80 17.2628 19.0728 1.14208
81 19.3305 6.84177 1.05208
82 13.7139 24.3679 1.77661
83 16.6506 18.7575 1.14208
84 10.8772 8.65097 1.31902
85 1.1358 9.82391 -2.17323
86 17.4398 22.7092 0.998187
87 12.1858 9.68032 1.36315
88 6.45329 0.704446 -1.61726
89 -3.5723 12.0915 2.63999
90 25.306 15.4555 0.595294
91 2.472 23.1761 2.03958
92 6.36571 0.210086 -1.61726
93 -2.48715 19.9979 1.97642
94 5.64964 0.18046 -1.61726
95 -0.0931176 23.7747 1.60854
96 3.59654 23.3627 2.04173
97 19.3642 18.7039 1.22939
98 4.38767 2.9242 -2.03725
99 2.21649 25.4535 1.845
