100
Particles
0 12.798 6.93848 -0.949973
1 13.0152 16.0286 0.655599
2 14.9868 0.534125 -3.44506
3 11.6924 7.74096 1.66439
4 11.5491 10.2866 -1.12926
5 2.32802 14.1635 1.34069
6 -0.151593 5.52143 2.84719
7 9.2418 20.9952 -2.49588
8 8.74869 9.84847 -2.10235
9 11.722 4.47802 1.67376
10 12.6113 1.96456 -1.58943
11 6.75577 19.7238 -1.75201
12 9.45713 17.7114 -0.537066
13 19.2303 5.15479 0.841476
14 5.05825 20.4227 1.23319
15 21.9034 14.0177 -2.84536
16 2.38557 2.7233 2.17758
17 17.7217 16.4939 -1.38907
18 -1.08832 18.7545 1.36448
19 7.92886 9.14166 3.02581
20 8.21768 6.15046 2.6453
21 19.4677 21.1521 2.60364
22 13.805 12.9857 1.81599
23 4.80993 2.50386 -2.53315
24 -1.33481 9.47998 -1.15271
25 3.07113 8.05903 1.79506
26 1.38134 7.62827 -3.03334
27 16.4588 14.464 -2.89203
28 11.9854 8.29682 -0.0753898
29 0.319617 11.9058 2.40303
30 9.42013 7.11707 -3.11961
31 1.16154 9.14695 -2.45774
32 10.2068 8.98844 -2.30718
33 6.05991 20.668 0.174407
34 16.715 16.1314 -2.73409
35 4.83824 8.32528 0.997231
36 20.4465 9.61817 -0.543602
37 9.55507 16.9553 1.24182
38 5.1801 3.4099 -0.971111
39 3.93225 16.4892 -2.91703
40 5.89224 22.4504 -2.77594
41 23.3474 2.98297 -0.520639
42 9.25273 9.14482 -0.0445008
43 -0.187569 12.3517 1.63291
44 19.7569 5.52257 -1.67333
45 1.91814 8.56102 2.09792
46 11.5975 4.96241 -0.764176
47 10.14 17.1772 0.549465
48 4.63805 17.8329 -0.199566
49 18.5865 5.50652 0.0981545
50 11.4431 4.70928 -0.116391
51 14.0155 2.85798 -1.39277
52 0.408661 19.3392 1.42179
53 3.01257 14.8529 -1.23301
54 6.16514 23.6843 -2.79862
55 4.08354 8.32738 -0.847467
56 9.25117 11.5926 -2.97959
57 10.048 11.4262 -2.6704
58 14.5955 9.46677 -1.6994
59 13.464 22.2511 -0.457022
60 12.0692 17.5227 1.51925
61 12.5637 12.7857 -0.749247
62 4.54448 6.01313 1.00886
63 2.19321 10.6257 2.94392
64 10.4338 10.7816 -2.44547
65 12.9687 16.0633 -0.648272
66 11.9039 12.055 3.08733
67 11.6498 9.16557 1.64159
68 15.2898 15.5098 -1.9464
69 8.6568 15.1711 -2.36264
70 18.4727 24.1563 -0.0532469
71 16.1358 7.69472 2.14195
72 13.263 17.7105 -3.14137
73 4.45413 18.3011 0.677949
74 15.7443 5.69698 2.2958
75 5.48241 5.03029 1.23512
76 8.30051 5.00964 -2.68472
77 11.245 15.5703 1.65307
78 8.12448 17.3886 -0.350661
79 3.07334 17.827 -2.4499
80 18.134 16.4291 -2.96344
81 5.10175 9.68913 0.048707
82 4.95911 11.5257 0.199973
83 3.79521 5.88568 -3.105
84 6.94119 10.5391 1.44547
85 12.4421 2.66645 0.295559
86 0.779271 3.92699 0.486835
87 12.226 4.0668 -1.6466
88 14.9824 20.0846 -2.3088
89 8.63601 8.58831 -0.76535
90 19.1045 7.30164 -1.68554
91 8.13155 10.0869 2.62558
92 19.0371 9.0842 1.49858
93 16.7743 9.51711 -2.1472
94 2.6042 5.51617 1.62501
95 16.9842 6.6886 1.77082
96 11.8546 -0.261144 1.64689
97 6.79129 -1.21088 1.53606
98 9.26192 19.9641 0.105045
99 13.6151 9.49545 0.147297
