100
Particles
0 11.9923 7.16333 0.445136
1 13.6836 18.308 -0.426501
2 14.0321 3.79858 -2.41878
3 10.368 5.81713 1.65568
4 10.9938 9.29192 1.23223
5 5.35331 14.4118 -2.16077
6 -0.230101 3.78113 0.507631
7 11.1912 20.0647 -2.92015
8 8.63372 7.84604 2.37153
9 11.3353 2.55 3.00011
10 11.7056 2.46033 -1.15403
11 8.62495 18.5735 -2.1925
12 9.04897 16.8396 0.034247
13 16.6843 3.18639 1.18602
14 3.46336 18.0662 3.0495
15 20.5729 14.3826 -0.00132615
16 2.55271 3.20743 -1.35419
17 16.7182 15.0243 -2.33239
18 -0.379555 18.4968 1.91827
19 8.92506 8.1094 2.78469
20 6.55724 4.71362 1.76048
21 19.9742 19.9017 0.264964
22 14.3717 12.186 1.42003
23 6.42754 3.08207 -1.69598
24 -1.02685 10.3947 1.31087
25 4.20231 8.33417 -2.70415
26 0.911562 10.5769 2.82906
27 17.4304 15.0232 -2.59867
28 13.8586 6.49313 1.1382
29 0.455442 11.7656 -1.0793
30 10.9901 8.84413 -1.05806
31 2.08778 9.07363 2.55944
32 9.21124 10.7059 2.34292
33 5.92439 18.5965 -1.71296
34 15.3444 16.1791 -1.2848
35 1.85008 4.81595 -1.82056
36 19.178 9.00758 2.70793
37 11.4596 17.6089 1.78998
38 4.4027 3.75424 -0.828507
39 5.38374 12.9724 -2.34195
40 5.06743 19.3502 -1.39288
41 18.8225 1.25672 -2.37281
42 12.2312 8.64564 -0.437256
43 1.18869 11.4552 2.83221
44 18.9088 6.88896 -0.0733562
45 3.27713 8.82402 0.858029
46 9.46998 5.6211 0.560698
47 8.7723 17.3021 0.747489
48 6.55311 16.0977 -1.85251
49 18.2696 6.54122 -1.28248
50 11.8451 7.01036 2.84953
51 10.8885 3.78192 1.09778
52 1.28546 20.6786 2.90827
53 2.82324 16.4572 3.01497
54 5.50412 23.18 0.123346
55 6.17048 7.41608 -2.71044
56 8.47595 10.3155 1.43701
57 11.0332 15.098 2.92939
58 16.5581 9.0315 0.262229
59 14.6873 18.7876 1.74085
60 11.7569 16.4975 -0.931753
61 11.9265 12.9621 -0.347266
62 4.82275 5.76913 2.47014
63 1.95648 8.34372 -2.3378
64 11.1914 11.0761 2.28005
65 12.6915 16.2577 -0.465454
66 13.2408 12.0767 -2.1668
67 10.1927 7.76408 2.82799
68 16.1323 15.4683 -1.62138
69 9.95743 14.3301 -0.909305
70 19.685 21.4627 -0.0294988
71 18.6477 8.76545 -2.33993
72 14.2049 17.9797 3.00827
73 3.19308 18.825 1.61066
74 18.1789 4.26714 -1.92472
75 4.74823 5.82522 2.24967
76 6.68727 3.76005 2.0437
77 10.7991 15.5304 0.659972
78 9.19184 17.1137 2.4794
79 4.1199 17.332 0.572091
80 17.1425 14.6044 1.08247
81 6.48619 10.2661 2.94117
82 5.76015 13.2149 0.443654
83 2.16167 5.51397 -1.95245
84 5.94794 7.89807 -3.05355
85 10.8948 2.54494 0.165474
86 1.26483 4.00026 -1.79724
87 13.9111 2.27002 -2.75439
88 15.0838 18.8309 2.50284
89 8.90893 7.01997 -2.02615
90 18.7385 7.18176 -1.01264
91 8.66242 10.555 -0.548449
92 18.6849 11.0539 -0.185802
93 13.7404 11.5772 -2.46306
94 2.72141 7.10894 0.517253
95 15.3764 6.70378 -3.14109
96 10.4097 -2.12212 -0.73208
97 6.48724 0.0765354 -2.97214
98 9.31808 20.3022 -2.72029
99 14.8568 7.68912 -1.27583
