100
Particles
0 12.8306 5.7261 0.946935
1 14.0981 16.7412 2.29344
2 15.6226 0.68563 -1.84238
3 12.5962 8.11942 -1.11437
4 11.0058 9.18251 -1.0798
5 3.12149 13.9922 2.1723
6 0.260069 5.2945 2.82407
7 10.7419 20.5282 -1.3399
8 9.09532 8.9479 -0.828583
9 11.1448 5.60487 2.37984
10 12.8522 2.09556 1.71151
11 7.74191 19.6257 1.33725
12 9.2604 17.387 -0.220124
13 19.8713 5.40524 -0.250879
14 4.98313 19.7343 -0.621134
15 21.961 13.8433 -1.40052
16 2.5695 3.4079 -2.33647
17 17.0547 18.8853 1.15949
18 -1.08625 18.7849 -2.96716
19 7.97964 9.74837 -0.467302
20 8.7321 6.87693 1.71114
21 19.8857 20.7621 -0.884035
22 13.6675 12.2539 -0.485773
23 5.72645 0.67693 -0.825592
24 -0.341778 9.33605 1.38558
25 4.03612 9.12358 -1.50177
26 1.39392 8.55357 1.52887
27 16.3796 13.4549 -2.82849
28 12.8797 9.41281 -0.288832
29 -0.767238 12.7926 3.00969
30 9.96812 8.26255 -0.703519
31 1.42242 8.45605 0.0821144
32 8.3096 10.4913 -2.69108
33 8.27186 20.2587 -0.852305
34 17.6444 14.8187 0.627535
35 4.16241 6.87495 -3.09029
36 20.6418 10.7679 -0.858479
37 8.77264 16.6625 2.51786
38 5.54838 1.59217 -0.979982
39 2.35886 16.3428 1.01098
40 6.16977 22.9044 1.78924
41 23.0889 2.98189 1.42281
42 9.30201 7.38531 -0.977653
43 -1.59485 11.6585 0.194581
44 19.6875 3.8251 -2.54958
45 1.76203 8.40311 2.01744
46 11.4748 5.51499 2.83705
47 10.7388 16.0569 -0.990575
48 6.05782 19.1088 1.39312
49 19.3618 6.79461 2.23162
50 12.1464 5.54222 0.66589
51 13.4266 2.96371 2.65254
52 1.37879 20.4338 -1.48268
53 2.07342 14.278 1.87127
54 6.15438 24.6828 -2.20367
55 4.14598 7.75538 1.44298
56 7.8727 13.57 -2.41993
57 11.4037 10.3587 -1.88185
58 14.4868 10.0131 0.679048
59 12.6237 22.0798 -1.2888
60 11.1788 16.3118 -1.01768
61 13.151 14.4006 0.610216
62 5.27078 5.37928 -2.21964
63 2.51153 10.7903 0.305414
64 9.93256 9.82124 -1.28008
65 14.2808 15.8429 -1.31435
66 13.1311 12.227 -1.3362
67 10.6623 8.91251 -1.8253
68 16.4984 15.6274 2.79526
69 9.12273 15.2984 2.88399
70 17.8052 22.8227 0.927714
71 15.6394 7.97039 2.67482
72 13.5874 19.1347 -0.267053
73 5.49208 16.8191 1.68829
74 15.5804 4.29924 -0.28119
75 5.61059 5.21186 1.62453
76 8.06215 5.64861 0.666076
77 12.9958 16.333 -1.46406
78 8.34605 17.0145 -1.69208
79 4.61134 17.5004 -1.41012
80 17.8777 15.6472 -1.71504
81 3.27051 10.408 1.76104
82 5.34744 11.3094 -1.60889
83 4.29802 6.53918 2.59405
84 6.94084 10.9121 2.82561
85 12.6883 2.50339 1.82587
86 0.913908 4.51036 0.593561
87 13.1211 4.36645 1.67103
88 15.8799 20.2743 -1.73048
89 8.95137 9.11072 2.09099
90 19.0857 7.33429 1.83021
91 7.31664 10.5786 0.700897
92 18.8008 9.70487 -0.702015
93 17.4417 9.27258 2.33971
94 3.82554 7.53491 -1.18633
95 16.9507 6.70396 -1.23998
96 11.846 -0.248999 -0.701688
97 7.00621 -0.0273687 -1.88896
98 7.8045 20.2024 2.17497
99 13.3194 9.85053 -2.0214
