100
Particles
0 9.9976 6.56214 -2.54634
1 12.4278 19.148 2.11153
2 14.661 3.55243 3.03765
3 8.22593 3.94053 0.951445
4 11.2176 7.92349 -1.09745
5 5.97398 13.8922 -2.69551
6 1.26805 3.27291 -1.05241
7 12.328 21.2203 0.107709
8 9.92417 7.64095 -0.0275711
9 10.935 3.51458 -0.91395
10 9.91752 2.89464 1.26914
11 10.0168 19.7952 -1.2492
12 7.97558 17.7114 -1.83958
13 15.3039 1.76817 -1.87813
14 4.0856 17.4254 -2.57932
15 20.2242 15.9797 -2.70258
16 4.23059 4.63288 -1.77965
17 16.3697 14.4254 2.13071
18 0.298114 16.3061 0.15498
19 11.7741 9.47916 1.47423
20 5.64459 6.5692 1.77235
21 19.4267 19.0166 -2.90734
22 14.6809 11.6249 -1.88716
23 7.29565 4.63751 -1.9292
24 -0.145067 9.18854 -0.618394
25 4.87498 7.41911 -2.65617
26 2.48921 10.7064 -1.72383
27 17.2398 13.2364 1.89611
28 14.9661 6.17482 -0.609611
29 0.980924 12.8677 -1.22817
30 11.435 8.71532 0.836188
31 2.06684 8.93742 0.992501
32 9.24972 10.6834 0.739391
33 8.6348 19.5354 -1.96706
34 13.6244 15.0166 -2.38008
35 -0.0730255 5.96433 2.43232
36 19.8223 7.54039 0.163533
37 11.5145 18.5748 -1.21555
38 4.85109 3.55433 -1.92392
39 3.92132 11.2081 -2.05325
40 3.99766 19.444 1.12543
41 18.2625 1.10627 -1.65042
42 11.2513 10.3761 1.52645
43 3.33755 10.7704 -0.0299928
44 17.4301 6.46596 0.603003
45 2.83343 7.48748 -1.33403
46 10.2877 7.02373 2.39578
47 10.1177 16.1748 2.50259
48 5.77802 17.897 1.97415
49 17.6455 6.67559 2.81851
50 13.5483 5.00246 -2.45827
51 8.69909 1.91151 3.03348
52 0.978252 19.4143 -1.70888
53 3.59965 15.6078 -1.71637
54 6.09314 21.2728 2.63654
55 6.04162 8.1944 2.3484
56 8.70959 10.8009 2.27962
57 11.0063 14.8157 -2.46828
58 12.8939 6.60292 -1.28519
59 14.0647 18.2435 0.4049
60 11.4121 19.2063 -1.17568
61 12.2404 12.4473 0.74862
62 4.61408 4.28588 -0.923788
63 1.39505 8.60986 2.03898
64 13.3142 8.58903 2.28173
65 11.617 16.8067 -2.53068
66 14.5256 13.7226 -1.71889
67 11.8462 8.22452 2.49399
68 15.3036 15.5116 0.366394
69 10.6558 16.6277 1.57953
70 18.0551 20.399 -0.252259
71 17.3271 9.66467 2.86713
72 14.1903 18.0521 -0.971757
73 5.45569 17.1004 -2.81005
74 18.0025 6.26565 -2.65182
75 4.92744 5.35392 0.8372
76 8.49456 3.16426 -1.60152
77 8.73444 15.193 1.03788
78 9.37977 15.8598 0.759328
79 3.64101 18.7813 0.512796
80 15.4742 14.1196 1.55319
81 7.37555 11.3497 0.516862
82 5.44725 13.4716 -0.818518
83 1.29319 4.74451 -2.96343
84 7.47739 5.67242 -1.77577
85 9.77071 2.6426 1.08121
86 0.775404 6.90179 1.94498
87 13.906 3.80249 -0.0408497
88 14.2684 15.258 2.59099
89 9.89213 8.49517 -2.43988
90 17.0891 6.14941 3.06946
91 6.56782 10.819 -2.95009
92 17.2407 9.85426 -1.6635
93 13.0565 10.8155 -1.90807
94 3.21068 5.43376 -0.442321
95 15.0419 6.63455 2.82875
96 9.11402 -0.112535 1.09395
97 6.28924 -0.0288303 -1.16367
98 9.35368 20.8274 2.80265
99 13.5324 8.52108 2.82221
