100
Particles
0 13.8568 5.82414 0.805459
1 14.508 16.3614 -2.41265
2 15.9177 0.463911 -0.213805
3 12.8943 8.66207 0.63319
4 10.9635 9.61206 2.31257
5 3.079 14.2521 1.84994
6 -0.222506 5.81233 2.09162
7 10.8516 20.108 1.9327
8 9.6042 8.61281 -2.23338
9 11.9096 5.52521 0.0583403
10 13.1857 2.59645 -0.370922
11 7.62513 19.2912 2.53526
12 8.94866 18.1811 -3.11256
13 20.084 5.64946 -1.79869
14 5.04815 20.115 -0.463881
15 22.9157 14.4095 -0.522848
16 2.25662 3.75682 3.13823
17 17.005 19.2298 -3.04198
18 -0.852652 19.4622 -1.45812
19 7.93772 9.41482 -1.01197
20 8.18659 7.02865 3.07305
21 19.2265 21.0854 2.6245
22 13.5917 12.0894 -0.721392
23 5.56823 1.00738 -0.109474
24 -0.143365 9.55395 2.25429
25 3.92142 8.98586 0.464523
26 0.637166 8.02725 -2.28728
27 15.7273 13.8137 2.49216
28 12.7368 10.0058 2.9664
29 -1.03349 12.9253 0.374864
30 10.5286 8.74461 2.29939
31 1.65859 8.78709 0.372899
32 7.74623 10.5867 3.11335
33 8.6407 19.9848 -0.623136
34 17.1997 14.7451 -3.13433
35 3.7511 6.35623 2.40086
36 20.6409 10.1741 -3.09685
37 8.28992 16.014 -2.07016
38 6.69934 0.913199 -0.547164
39 2.53587 16.6776 2.26141
40 6.48334 22.7862 -0.141111
41 23.2698 3.91949 0.666739
42 8.99411 7.03617 -0.102839
43 -1.81301 11.6782 2.42198
44 19.8347 4.45885 2.11061
45 2.0587 8.79082 1.40889
46 11.3924 4.58182 2.40406
47 11.3389 16.5387 1.86458
48 5.0715 19.3992 2.02811
49 19.8272 7.78703 0.429733
50 12.2721 5.92158 -2.38857
51 13.7712 2.98518 1.90376
52 1.37828 20.1347 -0.719147
53 2.58758 14.2319 1.06438
54 5.86848 23.8141 -1.38453
55 3.12667 7.27979 -2.85059
56 7.06082 12.801 -1.83905
57 11.6092 10.102 -0.601289
58 14.8683 9.85717 -2.01369
59 12.8021 22.2615 -1.88657
60 11.1395 16.9348 -1.82415
61 13.8691 14.3446 0.363116
62 5.15388 5.25512 2.73201
63 2.09486 10.3918 -2.94682
64 9.81063 9.93167 -2.71876
65 13.6101 16.1047 -2.68148
66 13.0598 12.5336 1.34102
67 10.3308 8.52364 -1.52225
68 15.5207 16.7178 2.88964
69 8.91148 15.7559 1.75367
70 17.9989 22.8905 -2.16231
71 16.1321 7.91965 1.61143
72 13.3181 19.7916 2.32651
73 5.17797 16.4773 -1.80698
74 15.1171 3.54888 -0.486219
75 6.49973 5.79218 -1.70255
76 7.48049 6.62602 1.62339
77 13.3453 16.3699 -0.722475
78 7.9304 17.2186 1.7562
79 4.4873 17.1556 -0.998567
80 17.852 15.0061 -2.61564
81 2.41873 10.9805 -2.11558
82 5.43124 11.2083 0.455314
83 4.29711 5.9557 2.66042
84 7.65293 10.9838 -0.434129
85 12.5262 2.00494 -1.3328
86 1.29652 4.87631 2.57569
87 12.9417 4.1818 -1.88638
88 15.6316 20.3385 -2.6758
89 8.80411 8.66717 2.63432
90 19.3375 7.92652 1.75071
91 6.64778 10.7007 -1.65235
92 18.3202 9.12869 -2.11153
93 17.6642 8.46476 -1.32318
94 3.80941 8.60423 2.68391
95 16.8313 6.61161 0.13889
96 12.215 0.295425 1.40022
97 6.73229 -0.206674 1.18105
98 8.21913 19.6074 0.490949
99 13.3971 10.4339 -3.02314
