100
Particles
0 12.7849 6.72293 -0.226241
1 12.6384 16.1722 -1.74251
2 14.7352 1.20268 -0.367895
3 10.1338 7.40865 0.951117
4 11.4599 10.2206 -1.70152
5 3.21706 13.8723 -2.02733
6 -0.749629 5.25213 -0.49307
7 10.7426 21.1479 0.11198
8 9.17425 9.91476 -1.78726
9 12.2709 3.07358 -2.9782
10 13.155 1.86398 -1.67899
11 7.88104 20.297 0.557486
12 9.42552 18.1061 2.83891
13 17.4688 4.86235 0.738213
14 3.77167 20.1039 2.0114
15 22.3591 14.7187 1.07799
16 2.05085 2.68352 -1.58796
17 18.2419 16.6939 1.44619
18 -0.133647 18.9925 1.85174
19 7.79322 8.30952 3.12019
20 7.73522 6.38323 0.163971
21 19.9817 21.7796 -2.82562
22 13.4332 12.1791 1.95873
23 4.69484 1.75555 2.61544
24 -0.814464 10.1869 1.88817
25 2.7735 8.78932 -2.66931
26 1.23978 8.14916 -0.0363322
27 17.2982 14.4885 0.451563
28 12.0635 7.68267 1.27322
29 0.84083 11.719 -0.86317
30 10.1013 8.28951 -2.1652
31 1.13828 9.47194 -2.02366
32 9.27933 10.3043 0.372472
33 6.38468 20.4622 1.33318
34 16.2801 16.8619 -0.157312
35 3.47567 7.11539 -0.965305
36 19.6974 8.80107 -2.13932
37 9.16485 17.883 2.91505
38 4.62303 4.65194 1.6092
39 4.67711 15.7738 1.73514
40 5.58211 21.0433 3.11463
41 22.2491 2.3762 0.172282
42 9.15397 8.99821 -2.60115
43 -1.11619 13.2442 1.95967
44 19.6956 6.89163 -0.817871
45 1.56828 8.58024 -2.37379
46 11.4244 4.99157 0.61401
47 9.25002 16.826 -1.13902
48 3.90043 17.5156 2.8993
49 18.6193 6.31076 -0.617512
50 10.318 4.0563 -0.63253
51 14.3293 3.88887 3.1369
52 -0.0295356 20.0657 0.994618
53 2.8408 16.0462 -0.576463
54 6.32329 23.8167 2.18408
55 4.39096 8.88518 1.2074
56 8.78118 11.4636 0.308061
57 10.176 12.2669 -0.979772
58 15.1193 10.1459 1.20458
59 13.3673 20.9615 1.32704
60 13.5031 17.0505 -1.65092
61 12.0546 12.6111 0.11872
62 3.31344 6.18556 -2.98791
63 2.16645 9.29507 2.90713
64 9.86716 9.97979 2.90385
65 12.9559 15.9964 -2.42742
66 12.6459 12.9023 -0.429793
67 10.7299 8.33725 1.2091
68 16.0054 16.0923 0.625163
69 10.1037 14.5998 2.16171
70 18.8086 23.3561 1.4529
71 16.7298 7.85775 2.22921
72 13.557 17.543 1.72402e-06
73 4.18694 18.1232 1.9666
74 15.8524 5.51203 2.532
75 4.90719 4.61376 -0.863283
76 8.44575 3.83471 -0.562277
77 11.1348 15.489 -0.904883
78 7.63554 17.8561 -1.46022
79 3.89525 17.8693 -1.6731
80 18.408 15.9561 -0.1232
81 5.88696 8.52301 1.63025
82 5.36687 12.2143 1.34263
83 2.75022 6.02633 -1.41064
84 6.20224 9.82392 1.00131
85 11.0471 2.85446 -2.84441
86 1.22072 3.82772 -0.0814677
87 12.5932 2.9506 2.055
88 15.0105 20.1493 2.0999
89 8.85564 9.60969 -2.23173
90 18.6782 7.16741 0.337519
91 7.93669 10.0582 -0.0362924
92 17.6097 9.0289 -0.499858
93 15.967 11.0151 -0.866004
94 1.57579 5.81291 -1.87737
95 16.8966 7.31669 -1.36383
96 12.2151 -0.0882491 1.788
97 6.7295 -1.65153 -1.42923
98 9.75091 20.9023 1.6087
99 13.0866 8.48488 -1.35077
