100
Particles
0 10.8726 7.5389 1.57965
1 14.4651 19.2117 1.02719
2 14.2117 3.19372 1.98826
3 9.38711 4.03149 -1.58147
4 10.5256 8.62585 2.49157
5 5.54828 14.2301 -2.64115
6 -0.379782 3.29045 -2.49673
7 11.8584 20.3434 -2.49969
8 8.55274 7.5613 -2.2005
9 11.6617 2.06245 1.81272
10 10.7029 3.4617 -0.191773
11 9.51641 20.2591 0.578223
12 7.88181 16.9502 3.05337
13 16.4707 3.04462 2.14431
14 3.43599 16.7769 1.78776
15 20.5018 15.0542 2.69531
16 3.57426 2.69541 1.06287
17 17.6408 15.0778 0.318249
18 -1.04935 16.7909 -2.51913
19 10.1738 8.46362 -1.85921
20 6.8785 5.08147 -1.25528
21 18.7545 18.693 -2.00787
22 15.3069 13.4293 2.07903
23 6.02202 4.5916 0.21772
24 0.0502423 10.0403 -2.70522
25 5.26973 8.30842 -0.642578
26 1.48418 10.8248 3.01769
27 17.8049 14.466 -0.133336
28 14.48 6.08408 -0.295096
29 1.01846 12.3642 2.6572
30 9.78249 9.22659 2.68903
31 2.12753 8.48815 1.58335
32 8.65085 10.4036 3.05469
33 7.09735 18.9228 -2.4565
34 14.3858 14.9939 0.216479
35 0.31107 5.20813 1.83625
36 19.434 7.91403 0.561983
37 11.4869 17.4646 -2.84629
38 4.1584 3.35066 2.80571
39 4.58463 12.1411 -0.325021
40 4.17914 18.9766 2.13618
41 17.5966 0.0492873 -2.47654
42 11.0102 9.56699 -2.34511
43 2.92741 11.8468 -2.20452
44 17.4857 6.73932 2.65667
45 3.79913 7.95749 -1.95888
46 10.6219 6.91785 -2.95777
47 9.21523 16.738 0.0921854
48 6.74589 16.73 2.17747
49 18.164 6.06143 -2.87808
50 11.9545 5.52218 -0.270599
51 10.3909 3.26176 1.23768
52 1.29901 18.9254 -2.29778
53 4.06445 16.3827 2.69654
54 5.4611 22.1601 0.318047
55 6.11953 8.45965 1.29893
56 9.38951 9.82498 0.344083
57 11.2186 13.993 -1.11301
58 14.9886 8.00841 -1.24998
59 14.2915 18.28 -2.12207
60 12.5087 17.842 -1.11181
61 12.7462 13.1219 -2.83122
62 4.67128 4.87116 0.129994
63 2.16101 7.99401 -2.41729
64 12.2201 9.34353 -1.46001
65 10.9783 15.1793 0.164951
66 13.8356 12.2102 -0.939488
67 11.5161 7.08432 -1.29427
68 15.6997 14.921 0.758741
69 9.77326 15.7432 -2.93333
70 19.3326 20.4722 -0.441568
71 18.4138 8.44173 -2.01679
72 13.4787 17.6677 0.130206
73 4.43345 18.8182 -2.56583
74 18.1473 3.79492 0.31443
75 5.23126 4.41828 -2.22784
76 7.86223 4.82983 0.970157
77 9.68979 14.2418 0.30509
78 9.64881 15.3976 1.57847
79 3.42559 17.127 -1.26898
80 15.9408 14.7115 -1.71279
81 7.97999 10.2081 -2.86145
82 4.57758 12.5752 2.4123
83 2.08917 4.59638 -0.658783
84 6.24986 6.933 1.7457
85 10.7927 2.75414 3.14116
86 0.774676 4.83086 -1.05523
87 12.7382 2.43517 -1.06678
88 14.3939 18.0242 1.2433
89 10.3629 8.11131 -0.753038
90 18.3035 6.77348 2.20509
91 6.94197 10.6195 1.28671
92 17.1047 10.3693 0.253024
93 13.6774 11.5889 1.679
94 2.94565 6.25769 -0.695957
95 15.8794 6.32461 -2.74605
96 9.73169 -1.65444 -1.28183
97 6.33057 0.557749 0.989549
98 9.15597 20.6111 0.136244
99 14.1939 7.73402 -2.23711
