100
Particles
0 13.089 6.61487 -2.18022
1 13.4962 17.2454 -0.15065
2 14.6616 2.04995 -0.892452
3 9.01147 5.96352 -1.56138
4 11.6326 10.263 -2.77352
5 3.00554 13.8393 2.35955
6 -1.16836 5.00091 -0.671175
7 10.8602 20.866 0.563815
8 8.86713 10.4474 1.10562
9 11.3971 3.07051 0.594299
10 13.7615 1.70852 0.7599
11 8.47577 19.3235 -0.836067
12 9.54733 17.8506 -0.919184
13 16.7421 4.80578 -0.828299
14 3.39791 19.9455 1.27747
15 22.8396 13.7611 -1.30011
16 1.30037 2.94976 -1.18888
17 18.0663 15.4605 1.65209
18 0.659971 19.1016 -1.45288
19 8.91411 8.75525 2.05628
20 7.58304 5.48572 0.171819
21 19.8916 21.7112 -0.134496
22 12.3607 11.3361 2.95666
23 6.11769 1.59589 -3.12703
24 -1.85217 9.73167 -1.38304
25 3.53627 7.65855 -1.22307
26 1.70202 8.27874 1.19036
27 17.7428 13.579 -1.33142
28 13.2619 7.11209 -2.0291
29 -0.356655 12.058 -2.80844
30 11.0174 7.28819 -1.95201
31 1.58928 9.75048 1.52257
32 8.96457 10.2097 -3.13301
33 6.38834 18.9948 3.10149
34 16.1799 16.4115 0.126806
35 3.63983 6.38373 -1.84857
36 19.5432 8.99876 -1.61293
37 10.0872 18.2625 -3.02209
38 4.64605 4.11059 -0.878879
39 4.79208 15.7271 1.49827
40 5.14566 21.2951 1.07918
41 20.9144 1.95963 2.82198
42 10.2464 8.59137 0.437506
43 -0.554576 12.7958 -2.72169
44 18.7452 7.16837 3.03023
45 1.82279 9.11684 -1.73411
46 11.2955 4.70787 -1.68291
47 9.72548 17.28 1.05928
48 5.05918 17.7127 -3.08941
49 17.8582 5.58147 0.777456
50 10.2073 4.76918 -2.15973
51 13.0242 3.9188 -0.596573
52 -0.287811 19.7505 -2.46135
53 2.72525 15.8949 -1.01883
54 6.00235 22.4049 2.76113
55 4.66599 7.90236 0.702917
56 8.2576 11.0802 0.585776
57 10.4056 13.0188 -1.03651
58 14.9813 10.6249 2.37034
59 13.7172 20.4658 1.72788
60 12.7687 16.7913 -0.119736
61 11.7553 12.8215 -1.74873
62 4.01981 7.07646 1.6068
63 2.94208 8.24506 0.293601
64 10.9759 9.93531 3.07463
65 11.9395 15.0603 -2.15055
66 13.6413 12.5282 0.640243
67 10.5351 7.82304 -1.26041
68 16.0183 16.3036 0.972432
69 9.73291 14.6573 -2.51914
70 19.0957 22.8715 0.819604
71 18.3371 7.41504 2.58758
72 13.7761 16.7668 1.27798
73 4.5092 18.4987 -2.95162
74 16.4188 5.95175 1.19015
75 5.18396 4.05516 0.692458
76 7.70409 3.24248 -1.34723
77 9.80566 15.904 2.15215
78 8.29479 17.7786 -1.16319
79 3.42244 18.9703 2.68601
80 18.4911 15.0413 -3.01888
81 6.28599 9.23079 0.181451
82 6.26925 12.2355 0.847869
83 3.39073 6.86534 -1.44955
84 6.30483 9.38483 1.33974
85 11.717 2.4183 -0.489871
86 0.664706 3.95434 -1.0937
87 13.6503 3.18378 -2.46755
88 15.8833 19.8466 0.836597
89 9.49737 9.89117 -3.01845
90 18.6078 7.49298 -0.843618
91 7.74361 10.6044 2.9666
92 17.3635 9.57276 2.98547
93 15.8482 10.571 -1.06992
94 1.57571 5.99863 -0.669969
95 16.2743 7.87416 0.508595
96 11.6328 -0.343536 1.90217
97 5.51298 -0.675873 0.648487
98 8.36108 19.696 2.75516
99 14.203 8.14262 -1.06109
