100
Particles
0 13.9462 5.79059 2.21504
1 15.4329 16.6462 2.17025
2 16.0065 0.723361 2.52337
3 12.77 8.42448 0.655786
4 10.3983 9.26119 -1.75375
5 2.56061 13.7452 0.513832
6 -0.175102 4.9713 -1.38337
7 11.6503 20.3826 -0.34276
8 9.59556 8.66963 -2.60444
9 11.5714 5.04953 2.55488
10 12.4647 2.56947 2.0051
11 7.97087 19.9273 0.65952
12 8.69929 17.6274 2.93593
13 20.6468 6.13047 2.04679
14 4.42856 19.4281 -2.4404
15 23.0327 13.7984 0.396107
16 1.68896 2.94913 -2.9427
17 16.7665 19.3871 3.11498
18 -0.899053 19.6436 1.05402
19 7.67936 9.78083 0.89476
20 8.85564 7.23621 1.21225
21 18.9919 20.5667 -2.0375
22 13.4955 11.4859 -2.5663
23 6.6533 1.11218 -1.89951
24 0.330603 10.5933 1.60823
25 3.26698 9.30416 2.59245
26 0.68271 8.34034 -0.504771
27 15.2463 14.2556 0.867691
28 12.5343 10.3049 1.87094
29 -1.19219 13.3346 1.96204
30 9.9219 9.166 3.07361
31 1.64217 8.94562 -2.01209
32 7.75367 10.4014 -0.607847
33 9.66183 19.6655 -1.4173
34 17.3219 14.0046 1.06733
35 4.23704 5.95054 -0.323078
36 20.7801 10.7674 -2.61553
37 8.05895 16.1342 -2.88112
38 7.69597 0.940507 0.102892
39 1.90735 16.6215 1.15495
40 6.87829 22.5551 1.66511
41 23.216 3.64765 -2.67433
42 9.35462 7.25807 1.91527
43 -2.10565 11.848 -0.667351
44 20.3626 4.00138 0.791067
45 2.63342 8.26441 2.60621
46 11.6282 4.33629 2.56357
47 11.4074 15.856 -2.24605
48 5.25809 19.9345 0.463895
49 20.2539 7.76154 2.03194
50 12.2566 5.33149 -0.982796
51 13.5291 3.20852 0.108898
52 0.818728 20.4889 2.68599
53 3.29038 14.165 -0.60412
54 5.32039 24.1411 2.14042
55 2.53714 7.54177 -1.57346
56 6.73264 13.4021 0.689724
57 11.9043 9.72423 3.10078
58 14.7322 8.82593 -1.34324
59 12.0414 22.4958 2.75414
60 10.3888 17.0735 -2.70946
61 13.894 14.0998 -2.20773
62 5.37442 5.12946 0.435663
63 1.97291 10.874 -0.786899
64 8.62605 9.85186 -2.7032
65 13.354 15.1601 -0.314086
66 13.3927 12.5817 -1.54714
67 10.2443 8.97548 -1.75129
68 15.4049 16.404 -2.86652
69 8.92837 15.937 0.24261
70 18.5384 22.679 -2.7575
71 16.7126 7.90565 -0.19469
72 13.0556 19.5689 1.6861
73 5.57376 15.5369 -1.64336
74 15.6063 4.24577 2.4432
75 6.62536 5.52623 -1.12964
76 7.76288 6.85848 1.43992
77 13.2518 15.7609 -0.303196
78 8.16412 17.2384 -0.581161
79 4.41614 17.1255 3.05231
80 17.9927 14.9529 0.661022
81 1.61725 11.2196 2.99959
82 5.18588 10.8109 1.14227
83 4.20314 6.65863 2.65922
84 6.99971 11.14 2.83726
85 12.5402 2.1383 -2.8484
86 2.14195 4.97161 1.63281
87 12.5282 4.42558 -0.679306
88 16.1371 19.5895 0.0690187
89 7.89733 9.2463 2.16341
90 19.1416 8.3153 1.33341
91 6.76712 10.5708 0.543374
92 18.7112 9.24278 -0.96922
93 17.4173 8.61792 -1.39048
94 4.19042 8.84903 -0.74509
95 16.8695 7.54979 1.03775
96 12.1652 0.0549799 1.42981
97 6.71561 0.0716015 2.61636
98 7.67575 19.4694 -1.63861
99 13.9937 10.6089 0.992545
