100
Particles
0 14.0964 5.5907 -0.948405
1 15.5739 16.4398 0.0194804
2 16.2103 0.578463 2.06341
3 12.5719 8.27203 -2.97931
4 10.4437 9.50701 3.07282
5 2.34289 13.6223 -1.69385
6 -0.221684 5.21692 -2.64054
7 11.4149 20.4666 -0.849818
8 9.81035 8.79755 -2.72099
9 11.7796 4.91113 2.97299
10 12.5699 2.34268 -2.13065
11 7.7733 19.7741 -1.508
12 8.94402 17.5763 -0.0109923
13 20.7613 5.90826 -1.14031
14 4.61958 19.5894 -1.86605
15 22.802 13.7019 -2.34713
16 1.93404 2.99852 2.29857
17 17.0164 19.3804 2.8241
18 -1.02257 19.4263 -2.68521
19 7.52293 9.58581 1.91812
20 8.76791 7.00211 0.747884
21 19.1043 20.79 3.03756
22 13.7053 11.6219 -1.4498
23 6.73401 1.3488 0.629833
24 0.33996 10.3435 0.462691
25 3.48023 9.17367 3.13355
26 0.463888 8.46124 2.99994
27 15.0846 14.0649 2.83967
28 12.6082 10.0661 0.550797
29 -1.09686 13.1035 2.26967
30 10.1713 9.14902 2.01639
31 1.74894 9.17167 -2.36421
32 7.54845 10.5442 0.346311
33 9.6236 19.9125 1.50551
34 17.2013 13.7856 -1.51312
35 3.99997 6.02991 1.69142
36 20.9963 10.8929 2.90911
37 8.30052 16.1986 0.601932
38 7.44729 0.91483 -0.461248
39 1.80636 16.3928 -2.99445
40 6.90183 22.3062 0.574979
41 23.4392 3.76027 -2.59423
42 9.43905 7.02276 -3.06896
43 -2.30202 12.0027 -1.23252
44 20.1868 3.8236 0.243761
45 2.84844 8.13687 1.06858
46 11.8376 4.1997 0.10012
47 11.5637 16.0512 -1.34287
48 5.03452 19.8226 2.69629
49 20.3652 7.53766 -1.34356
50 12.1179 5.5395 -2.91806
51 13.2806 3.18135 -3.00608
52 1.04323 20.3789 0.647771
53 3.08462 14.307 -1.58906
54 5.45522 23.9306 -1.54395
55 2.53781 7.79177 1.34493
56 6.53978 13.243 2.6665
57 12.1541 9.71403 0.131435
58 14.6758 9.06948 2.91792
59 12.2728 22.4013 -1.80678
60 10.6159 17.1782 0.60027
61 14.0426 14.3008 -2.08897
62 5.14777 5.02395 -2.50898
63 1.7964 11.0511 -0.752258
64 8.85241 9.95798 -2.15136
65 13.1162 15.2373 -2.40085
66 13.3868 12.8316 0.928765
67 10.2892 9.22142 1.15554
68 15.6455 16.4719 -2.96788
69 8.68569 15.8769 1.45952
70 18.7702 22.7727 -1.56398
71 16.4673 7.95402 0.813078
72 13.0844 19.3205 2.41862
73 5.59188 15.7862 -0.940752
74 15.7978 4.08503 0.998916
75 6.51862 5.7523 -1.13674
76 7.73026 6.61062 -1.27797
77 13.0132 15.8355 -2.64771
78 7.95516 17.3756 -1.60268
79 4.66514 17.1032 -2.69235
80 17.7953 14.7994 -1.22269
81 1.86473 11.1842 -2.36835
82 5.082 10.5835 2.74183
83 4.42461 6.54266 0.00670381
84 7.23822 11.0651 -1.05147
85 12.7795 2.21055 -3.09768
86 2.15745 4.72209 -1.65393
87 12.3337 4.58264 3.01771
88 15.8877 19.5722 -1.8147
89 8.03696 9.03893 -1.68859
90 19.0828 8.07231 -1.81564
91 6.55313 10.4416 3.00574
92 18.5697 9.44889 -0.564873
93 17.3725 8.86387 1.78077
94 4.00667 9.01854 2.13851
95 16.7425 7.33448 1.80881
96 12.13 -0.192539 0.861692
97 6.93192 -0.0537525 -0.516873
98 7.69269 19.7188 -2.60205
99 13.857 10.3996 0.467266
