100
Particles
0 12.6557 6.0122 2.70753
1 12.6137 15.7117 -2.00064
2 16.0872 0.861713 0.884346
3 11.5246 8.38409 -2.32107
4 10.8949 9.64984 -3.05856
5 3.34047 14.831 1.20135
6 0.655779 5.27819 0.602456
7 9.87676 21.4789 -0.268935
8 9.48947 9.02065 1.66281
9 11.2511 4.75638 -1.69197
10 12.813 0.497021 -0.469796
11 7.13682 19.1465 -0.829976
12 9.21125 18.8988 1.91455
13 19.5142 4.90515 -1.0623
14 4.50373 20.2015 2.03729
15 21.5896 13.9136 -1.05948
16 2.81007 2.97633 1.05597
17 17.9242 17.4652 -0.4115
18 -1.43653 18.3155 1.04936
19 8.36432 10.0604 -0.565816
20 8.66296 6.05843 2.39749
21 19.383 20.6398 -2.01306
22 13.8781 13.0657 2.76367
23 5.59797 1.88053 -0.914419
24 -1.27641 9.01992 -3.04703
25 3.12815 8.75491 0.722585
26 2.15301 8.51537 1.51333
27 16.7801 14.3298 2.43926
28 12.6184 8.07484 -2.08819
29 0.13559 12.2099 1.35923
30 9.56034 7.9207 -0.450537
31 0.578044 9.07157 -3.12534
32 9.28594 9.69852 2.30652
33 7.88998 20.4918 0.312345
34 17.3011 14.9743 -0.103197
35 4.89985 7.96349 0.599922
36 20.3019 10.2978 -0.437162
37 9.11103 16.2145 -2.9211
38 5.68236 2.4519 -1.82907
39 2.90882 17.0103 2.50277
40 6.38971 22.6223 -2.53105
41 22.6255 2.98666 -0.868095
42 9.29526 8.77923 2.53775
43 -0.908826 11.6358 -2.80786
44 19.9375 4.66281 -0.851275
45 2.10309 8.80427 -3.00637
46 11.4037 5.53985 1.78716
47 10.2478 16.3275 1.17185
48 5.73018 18.5125 0.749657
49 18.953 6.12614 1.46008
50 11.4395 4.67043 -0.565705
51 13.9106 3.05436 2.87038
52 1.08983 20.6265 0.880263
53 2.89288 14.2274 2.02208
54 6.93995 24.3371 1.55327
55 4.39819 7.579 -2.36272
56 8.45682 12.8741 -2.85306
57 10.5876 11.3031 -1.69399
58 15.5151 9.80529 2.18066
59 13.0662 22.4616 -0.656444
60 11.1501 16.7855 -2.09527
61 12.2763 13.1355 0.0151601
62 5.21678 5.41744 2.19461
63 2.03988 10.525 -0.115493
64 10.479 10.3833 1.50759
65 13.1578 16.669 0.387028
66 12.4112 13.1277 -0.0272111
67 11.482 8.91075 -0.389245
68 16.357 15.5445 -0.299145
69 9.30561 15.4033 2.57304
70 18.3935 23.8758 -1.93241
71 16.2054 7.5207 -2.35978
72 13.0317 18.6576 -1.00459
73 5.40376 17.6101 0.110173
74 15.6886 4.47013 -1.75095
75 5.78236 4.75012 3.1218
76 8.46265 5.14417 0.737214
77 12.2603 16.0718 -0.831872
78 7.79265 17.5271 -0.136886
79 4.47629 17.9566 -1.39316
80 18.2055 16.6647 -2.51772
81 4.0504 9.42981 1.06035
82 5.02087 11.1156 -1.60594
83 4.56106 6.41133 1.08982
84 6.70725 11.5655 1.7975
85 12.4161 2.51541 1.28687
86 0.903758 4.45494 -0.192981
87 12.6493 3.75084 -2.24268
88 15.411 20.2242 0.32138
89 8.43343 9.15577 1.50766
90 19.0208 7.15377 -0.0361012
91 8.09585 9.80366 -1.22878
92 18.729 9.1073 -2.43504
93 17.4402 9.33811 -1.4315
94 3.10222 6.70141 1.19191
95 17.3161 6.60373 1.83279
96 12.0528 -0.115869 1.13929
97 7.35983 -0.834733 -0.945322
98 8.61633 20.0666 -2.96504
99 13.8365 9.71212 0.285426
