100
Particles
0 -8.21551 -20.1596 -2.02497
1 53.3186 9.78901 0.191521
2 54.6702 15.3205 -0.0482543
3 -17.2021 31.064 2.70934
4 16.6543 35.2291 1.39217
5 -6.5701 -20.9512 -2.02497
6 -7.08516 -21.0369 -2.02497
7 16.3863 35.647 1.39217
8 -13.5763 -12.6537 -2.17338
9 -5.91676 50.2283 1.85396
10 32.2399 44.2807 1.03202
11 5.73731 -26.1919 -1.61726
12 16.7084 35.7606 1.39217
13 -5.43875 49.1484 1.85396
14 17.2618 35.1664 1.39217
15 17.1591 49.2606 1.29527
16 8.12421 51.2076 1.77661
17 7.34484 51.1755 1.77661
18 -25.5617 13.0852 -3.13365
19 31.1615 43.2302 1.03207
20 -25.4233 -7.84042 -2.63252
21 -2.14018 -29.606 -1.71767
22 7.37821 -31.4535 -1.53075
23 -29.67 21.2996 2.66752
24 43.3076 17.756 0.401628
25 31.3195 44.0538 1.03204
26 -7.23242 -22.0673 -2.02497
27 -2.77443 -28.4754 -1.71767
28 -5.74265 50.0657 1.85396
29 -2.99855 -28.9788 -1.71767
30 41.6433 -11.5068 -0.689808
31 42.6799 18.044 0.401628
32 -27.7312 25.0974 2.63999
33 -13.9477 -13.3168 -2.17338
34 -30.6934 14.9153 2.69836
35 -19.6203 -1.76622 -2.63365
36 30.5172 44.3212 1.03204
37 31.2333 44.8004 1.03202
38 32.8254 45.9206 1.032
39 18.0612 49.3779 1.29527
40 -5.03661 50.0346 1.85396
41 5.07359 -27.2266 -1.61726
42 -7.96053 -21.0619 -2.02497
43 -14.2034 -13.6571 -2.17338
44 30.5477 45.2751 1.03203
45 18.2677 49.0441 1.29527
46 27.024 41.9539 1.09642
47 17.1897 35.9664 1.39217
48 -2.2658 36.2426 2.24929
49 7.34477 51.1908 1.77661
50 6.64453 -32.8434 -1.53075
51 31.9498 45.2154 1.03201
52 7.7604 51.5967 1.77661
53 -4.48392 52.0913 1.845
54 32.1298 45.042 1.03201
55 -19.451 -1.1806 -2.63365
56 21.8535 -28.566 -1.5126
57 32.3133 45.1381 1.03201
58 8.42575 51.6563 1.77661
59 -2.76595 -29.9038 -1.71767
60 -6.86276 -20.9378 -2.02497
61 -25.6315 12.4128 -3.13365
62 -29.5772 22.2228 2.66752
63 30.3298 43.3869 1.03207
64 28.0136 42.029 1.09642
65 -6.658 -21.5935 -2.02497
66 -28.0856 37.4681 2.58822
67 -28.8189 21.6503 2.66752
68 -6.15429 -21.2847 -2.02497
69 6.90991 -31.454 -1.53075
70 6.35195 -31.9422 -1.53075
71 -4.29468 49.0854 1.85396
72 16.7805 34.3166 1.39217
73 -2.13674 -29.0892 -1.71767
74 42.8015 18.3356 0.401628
75 -14.4258 -12.3266 -2.17338
76 16.1501 36.0121 1.39217
77 -2.48163 -30.003 -1.71767
78 -12.5457 45.2682 1.97642
79 -13.0676 44.7925 1.97642
80 30.4549 42.6069 1.03208
81 43.7022 17.9679 0.401628
82 8.19619 50.7981 1.77661
83 29.7941 42.3173 1.03209
84 15.6905 35.2183 1.39217
85 -14.1671 -12.4207 -2.17338
86 31.55 45.7256 1.03201
87 16.9945 36.2486 1.39217
88 5.19913 -26.2664 -1.61726
89 -27.2462 25.074 2.63999
90 47.6615 30.5959 0.595294
91 -5.86794 48.7966 1.85396
92 5.11154 -26.7608 -1.61726
93 -13.1411 44.807 1.97642
94 4.39548 -26.7904 -1.61726
95 -6.55043 49.8978 1.85396
96 -4.87707 48.9362 1.85396
97 31.8173 42.553 1.03208
98 -7.5479 -21.2939 -2.02497
99 -5.09449 51.4448 1.845
