100
Particles
0 1.94138 7.02932 -1.76022
1 24.6034 4.22121 0.191521
2 25.4543 16.7313 -0.0482543
3 9.35764 18.8108 2.70934
4 11.4375 6.47347 1.18283
5 6.39059 5.27006 -2.03741
6 5.86504 5.18954 -2.03728
7 10.8777 6.94683 1.17774
8 2.99925 11.4463 -2.16691
9 0.652148 21.8623 1.60854
10 16.9616 19.3411 1.01606
11 7.096 3.02648 -1.61732
12 11.2661 7.04552 1.18097
13 3.82907 21.4863 2.03443
14 13.1859 6.69562 2.5529
15 9.20152 21.1139 1.29527
16 14.1017 22.5749 1.77663
17 13.3223 22.5428 1.77647
18 3.68741 13.3176 -3.13365
19 16.9465 17.6957 1.14233
20 0.117661 6.41515 -2.63252
21 2.14049 -0.670934 -1.71762
22 5.47104 -2.28653 -1.44574
23 -3.64587 7.94654 2.66752
24 17.6641 4.87792 1.05208
25 16.1383 19.0555 1.01635
26 5.7249 4.15558 -2.03695
27 1.50629 0.459647 -1.71776
28 0.95382 21.7206 1.60854
29 1.28216 -0.043746 -1.71772
30 19.0808 7.10756 -0.689808
31 15.5631 8.62006 -0.239275
32 -2.08448 11.0329 2.63999
33 2.63408 10.779 -2.18234
34 -4.26979 2.37114 2.69836
35 5.93684 12.4603 -2.63365
36 15.2814 19.3577 1.01644
37 15.9314 19.8771 1.01613
38 17.5124 21.0024 1.01574
39 10.1036 21.2311 1.29527
40 3.94207 22.275 2.04584
41 6.43226 1.99185 -1.61724
42 4.93407 5.19073 -2.03707
43 2.38589 10.4334 -2.20106
44 14.8757 20.7088 0.56735
45 10.3101 20.8974 1.29527
46 13.6631 15.9338 1.09642
47 11.8563 7.2236 1.18385
48 16.092 13.4708 2.24929
49 13.3223 22.5581 1.77647
50 8.11798 -3.95001 -1.87285
51 16.6446 20.2927 1.01589
52 13.7379 22.9639 1.77663
53 3.43631 23.934 1.845
54 16.8256 20.1186 1.01592
55 6.10612 13.046 -2.63365
56 20.1521 0.63446 -1.5126
57 17.0073 20.2157 1.01584
58 14.4033 23.0236 1.77685
59 1.51472 -0.96876 -1.71763
60 6.09617 5.28434 -2.03734
61 3.61754 12.6452 -3.13365
62 -3.55303 8.86969 2.66752
63 16.1448 17.8383 1.14233
64 14.6526 16.0089 1.09642
65 6.30109 4.62857 -2.03724
66 -3.20099 22.0955 2.58822
67 -2.7947 8.29726 2.66752
68 6.8064 4.93656 -2.03741
69 5.04515 -2.28374 -1.44559
70 4.59349 -2.76716 -1.44544
71 5.29914 21.5471 2.0618
72 12.9825 5.95786 2.5529
73 2.14395 -0.154086 -1.71769
74 15.6974 8.87863 -0.239275
75 2.14714 11.7753 -2.16025
76 10.5873 7.32894 1.17621
77 1.79904 -1.06793 -1.71762
78 -1.00397 18.3916 1.97642
79 -1.52579 17.9159 1.97642
80 16.3275 17.0264 1.14201
81 18.215 4.88774 1.05208
82 14.1737 22.1654 1.77663
83 15.7151 16.7112 1.1415
84 10.0909 6.54578 1.17275
85 2.40851 11.6794 -2.16691
86 16.2412 20.8051 1.01589
87 11.4682 7.55367 1.18008
88 6.55781 2.95202 -1.61727
89 -1.59948 11.0096 2.63999
90 23.443 14.1938 0.595294
91 3.47878 21.164 2.01072
92 6.47022 2.45766 -1.61727
93 -1.59932 17.9304 1.97642
94 5.75415 2.42803 -1.61724
95 -0.00820472 21.5263 1.60854
96 4.62275 21.3603 2.05165
97 18.6109 16.5838 1.22939
98 5.3995 4.93385 -2.03709
99 2.82573 23.2876 1.845
