100
Particles
0 13.6836 5.64385 0.373019
1 14.6944 16.528 -0.567523
2 15.6733 0.516956 0.0800466
3 12.6927 8.51414 2.82569
4 11.1324 9.42774 0.726385
5 3.14788 14.0117 -0.0054853
6 -0.0981069 5.59547 0.583735
7 10.9401 19.8741 -1.11981
8 9.75799 8.80992 -0.130317
9 11.66 5.51064 0.523435
10 12.9527 2.68707 0.866558
11 7.83056 19.1487 0.180932
12 9.19856 18.1884 2.29412
13 20.1405 5.89299 1.51073
14 4.82457 20.2269 -2.31264
15 22.6991 14.5343 0.349537
16 2.50662 3.75598 -2.46469
17 17.2538 19.2547 -2.47246
18 -0.880761 19.7106 -2.69323
19 7.80518 9.62679 0.694486
20 8.436 7.01153 -2.02798
21 19.4438 20.9618 -2.94854
22 13.404 12.2545 2.76216
23 5.31973 1.03469 2.04665
24 0.0145119 9.36011 -2.21576
25 3.69791 8.87386 0.470936
26 0.80135 8.21578 -1.99131
27 15.9264 13.6625 2.13123
28 12.983 9.96226 2.37359
29 -1.26613 12.8338 -0.786396
30 10.6951 8.55808 0.912465
31 1.42577 8.69601 -2.7703
32 7.99613 10.5796 1.57823
33 8.43769 20.1307 1.09649
34 17.4497 14.7469 1.47859
35 3.9356 6.18752 2.72588
36 20.8907 10.1853 -2.58511
37 8.40964 16.2335 -2.32295
38 6.48584 1.04327 1.01454
39 2.69512 16.4849 -2.83527
40 6.23583 22.8214 -1.53636
41 23.0734 3.76488 0.958874
42 8.74543 7.06184 -2.93808
43 -1.625 11.5134 -0.464676
44 19.9632 4.2444 1.64826
45 2.0184 8.54408 0.478434
46 11.5774 4.4137 -1.33546
47 11.4113 16.2995 0.616331
48 5.18189 19.1749 2.57299
49 19.6 7.68288 2.50028
50 12.4545 6.09254 -0.304945
51 13.8529 2.74891 0.969485
52 1.19019 20.2994 -1.72901
53 2.46632 14.0133 0.178491
54 5.82219 24.0597 -2.78918
55 3.36616 7.35151 -2.91464
56 7.12708 13.0421 -0.260045
57 11.403 10.2435 -1.17871
58 14.9755 10.0831 -0.443601
59 12.8797 22.4991 0.346158
60 11.2021 17.1769 -2.84263
61 13.6354 14.2558 -0.803751
62 5.3832 5.15556 -0.753196
63 2.34014 10.4402 -0.876374
64 10.0386 10.0343 -1.52674
65 13.8341 16.2157 -3.13655
66 13.0028 12.2902 -0.100429
67 10.3187 8.77334 0.210324
68 15.7628 16.6555 2.38397
69 8.95694 15.51 2.80664
70 18.1383 23.098 0.587887
71 16.1422 7.66986 -0.350312
72 13.4896 19.6096 2.53752
73 5.23646 16.7204 0.386663
74 14.896 3.6657 -2.33285
75 6.53257 6.04001 0.724256
76 7.49363 6.37636 2.60811
77 13.1578 16.5352 0.628855
78 7.97649 16.9729 -2.40484
79 4.35192 17.3658 2.4883
80 18.0682 15.1316 0.979722
81 2.54829 11.1943 1.32318
82 5.20671 11.0983 -1.26256
83 4.51873 5.83999 -1.61745
84 7.42612 11.0889 1.67611
85 12.4673 2.24789 -2.78504
86 1.50755 4.74226 -0.975452
87 13.0193 4.41945 -2.65746
88 15.8549 20.4508 -0.969903
89 9.02262 8.54573 -0.53084
90 19.3823 7.68055 1.83343
91 6.66815 10.9499 2.60061
92 18.4489 9.34302 -2.81591
93 17.603 8.70714 -0.309058
94 4.03368 8.49377 2.17068
95 16.5837 6.577 -2.2231
96 12.1726 0.0490533 1.40104
97 6.6373 -0.437926 -3.34545
98 7.99866 19.4895 -2.8088
99 13.6453 10.4634 0.0305578
