100
Particles
0 1.09408 2.60981 -1.76022
1 29.0211 5.0778 0.191521
2 29.949 16.5143 -0.0482543
3 5.27152 20.6959 2.70934
4 12.2568 10.8729 1.39228
5 4.36681 1.25082 -2.03725
6 3.84129 1.17028 -2.03725
7 11.9887 11.2908 1.39206
8 0.451367 7.73708 -2.17338
9 0.482322 26.3591 1.60854
10 19.3789 23.1364 0.994022
11 6.88696 -1.46866 -1.61726
12 12.3109 11.4044 1.39211
13 1.7961 25.5009 2.04067
14 12.8644 10.8102 1.39248
15 10.4258 25.4442 1.29527
16 13.1821 26.98 1.77661
17 12.4027 26.9478 1.77661
18 -0.812451 13.2818 -3.13365
19 18.8171 21.7885 1.14208
20 -3.81172 4.22198 -2.63252
21 1.48194 -5.12249 -1.71767
22 6.03295 -6.75131 -1.44559
23 -7.64959 10.0009 2.66752
24 20.5271 8.08084 0.401581
25 18.5765 22.8373 0.992795
26 3.70123 0.136277 -2.03725
27 0.847686 -3.9919 -1.71767
28 0.783994 26.2173 1.60854
29 0.623574 -4.49529 -1.71767
30 22.5519 4.24381 -0.689808
31 19.8992 8.36912 0.398689
32 -6.03013 13.1967 2.63999
33 0.0799874 7.07402 -2.17339
34 -8.33496 4.30102 2.69836
35 2.00497 10.2716 -2.63365
36 17.7384 23.127 0.992135
37 18.3908 23.6449 0.993042
38 19.9157 24.8067 0.995489
39 11.3279 25.5614 1.29527
40 1.90933 26.2897 2.04062
41 6.22324 -2.5033 -1.61726
42 2.91038 1.17144 -2.03725
43 -0.175704 6.73367 -2.1734
44 17.7244 24.1081 0.992003
45 11.5344 25.2276 1.29527
46 15.7186 19.9369 1.09642
47 12.7922 11.6102 1.39218
48 13.2677 16.9742 2.24929
49 12.4027 26.9632 1.77661
50 6.77932 -8.24629 -1.87285
51 19.067 24.0848 0.994113
52 12.8183 27.369 1.77661
53 2.21781 28.2659 1.845
54 19.2469 23.9114 0.994113
55 2.17425 10.8573 -2.63365
56 20.4139 -3.85792 -1.5126
57 19.4194 24.0144 0.994644
58 13.4836 27.4286 1.77661
59 0.856169 -5.42031 -1.71767
60 4.0724 1.26509 -2.03725
61 -0.882315 12.6094 -3.13365
62 -7.55675 10.924 2.66752
63 18.0154 21.9311 1.14208
64 16.7082 20.012 1.09642
65 4.27734 0.609304 -2.03725
66 -7.02939 24.4605 2.58822
67 -6.79842 10.3516 2.66752
68 4.78262 0.917317 -2.03725
69 5.6071 -6.74851 -1.44559
70 5.15548 -7.23193 -1.44559
71 3.24637 25.5516 2.04089
72 12.3832 9.96039 1.39289
73 1.48538 -4.60563 -1.71767
74 20.021 8.66042 0.401581
75 -0.398056 8.06421 -2.17338
76 11.7525 11.6559 1.39192
77 1.14049 -5.51948 -1.71767
78 -2.77963 22.5265 1.97642
79 -3.30145 22.0508 1.97642
80 18.1982 21.1192 1.14208
81 20.9218 8.2924 0.404691
82 13.2541 26.5704 1.77661
83 17.5859 20.8039 1.14208
84 11.2929 10.8621 1.39193
85 -0.139381 7.97016 -2.17338
86 18.6643 24.5967 0.994109
87 12.5969 11.8924 1.39192
88 6.34878 -1.54313 -1.61726
89 -5.54513 13.1734 2.63999
90 27.169 16.7172 0.595294
91 1.4539 25.1826 2.04062
92 6.2612 -2.03749 -1.61726
93 -3.37498 22.0653 1.97642
94 5.54513 -2.06711 -1.61726
95 -0.17803 26.0231 1.60854
96 2.57703 25.3684 2.04081
97 20.1175 20.8241 1.22939
98 3.3758 0.914571 -2.03725
99 1.60724 27.6194 1.845
