100
Particles
0 1.98846 7.27485 -1.76022
1 24.358 4.17362 0.191521
2 25.2046 16.7434 -0.0482543
3 9.58465 18.7061 2.70934
4 11.3429 6.24205 1.18541
5 6.50306 5.49334 -2.03755
6 5.97747 5.41283 -2.03732
7 10.782 6.71589 1.17654
8 3.13961 11.6532 -2.16362
9 0.661582 21.6125 1.60854
10 16.8299 19.1286 1.01609
11 7.10762 3.27621 -1.61739
12 11.1711 6.81428 1.18217
13 3.94087 21.2627 2.03136
14 13.3938 6.5568 2.5529
15 9.13351 20.8733 1.29527
16 14.1528 22.3302 1.77667
17 13.3734 22.298 1.77617
18 3.9374 13.3196 -3.13365
19 16.8426 17.4683 1.14252
20 0.33596 6.53699 -2.63252
21 2.17706 -0.423624 -1.71758
22 5.43986 -2.03848 -1.44589
23 -3.42344 7.83241 2.66752
24 17.5402 4.66081 1.05208
25 16.0067 18.8429 1.01651
26 5.83727 4.3789 -2.03668
27 1.54289 0.706952 -1.71782
28 0.963254 21.4707 1.60854
29 1.31876 0.20356 -1.71776
30 18.8879 7.26666 -0.689808
31 15.3202 8.67931 -0.239275
32 -1.86528 10.9127 2.63999
33 2.77761 10.9836 -2.1869
34 -4.04395 2.26393 2.69836
35 6.15527 12.5819 -2.63365
36 15.1498 19.1451 1.01663
37 15.7997 19.6645 1.01617
38 17.3806 20.7899 1.0157
39 10.0356 20.9906 1.29527
40 4.05641 22.0527 2.06033
41 6.44387 2.24158 -1.6172
42 5.04646 5.41404 -2.03695
43 2.53323 10.6353 -2.21521
44 14.6648 20.5745 0.56735
45 10.2421 20.6568 1.29527
46 13.5489 15.7114 1.09642
47 11.762 6.99208 1.18719
48 16.2489 13.2762 2.24929
49 13.3733 22.3134 1.77617
50 8.19235 -3.71133 -1.87285
51 16.5129 20.0802 1.01581
52 13.789 22.7192 1.77667
53 3.504 23.6933 1.845
54 16.6939 19.9061 1.01586
55 6.32456 13.1676 -2.63365
56 20.1376 0.884036 -1.5126
57 16.8755 20.0032 1.01578
58 14.4544 22.7788 1.77741
59 1.5513 -0.72145 -1.71761
60 6.20862 5.50762 -2.03741
61 3.86754 12.6472 -3.13365
62 -3.3306 8.75556 2.66752
63 16.0409 17.6109 1.14252
64 14.5384 15.7865 1.09642
65 6.41351 4.85186 -2.03723
66 -2.9883 21.9641 2.58822
67 -2.57227 8.18313 2.66752
68 6.91887 5.15983 -2.03755
69 5.01393 -2.03569 -1.44559
70 4.56224 -2.51912 -1.4453
71 5.41701 21.3267 2.06765
72 13.1904 5.81904 2.5529
73 2.18055 0.0932219 -1.7177
74 15.4545 8.93788 -0.239275
75 2.28612 11.9831 -2.15353
76 10.4912 7.09815 1.17387
77 1.83561 -0.820622 -1.71758
78 -0.905325 18.1619 1.97642
79 -1.42714 17.6862 1.97642
80 16.2236 16.799 1.14195
81 18.0911 4.67063 1.05208
82 14.2248 21.9207 1.77667
83 15.611 16.4839 1.14105
84 9.99398 6.31533 1.16784
85 2.54887 11.8863 -2.16362
86 16.1095 20.5926 1.01581
87 11.373 7.32251 1.18062
88 6.56942 3.20175 -1.61728
89 -1.38027 10.8894 2.63999
90 23.236 14.0537 0.595294
91 3.58525 20.9378 1.99009
92 6.48184 2.70739 -1.61728
93 -1.50067 17.7007 1.97642
94 5.76576 2.67776 -1.6172
95 0.00123004 21.2765 1.60854
96 4.73839 21.1387 2.05594
97 18.5272 16.3482 1.22939
98 5.51189 5.15716 -2.03695
99 2.89343 23.0469 1.845
