100
Particles
0 -4.48639 -12.5213 -2.02497
1 44.974 8.17102 0.191521
2 46.1801 15.7305 -0.0482543
3 -9.4839 27.5033 2.70934
4 15.144 26.8643 1.39217
5 -2.84098 -13.3129 -2.02497
6 -3.35604 -13.3986 -2.02497
7 14.876 27.2823 1.39217
8 -8.75875 -5.65083 -2.17338
9 -3.54196 42.0667 1.85394
10 27.8779 36.9853 1.03167
11 6.13214 -17.7011 -1.61726
12 15.1982 27.3959 1.39217
13 -3.06393 40.9869 1.85396
14 15.7516 26.8017 1.39217
15 14.8467 41.0812 1.29527
16 9.86126 42.887 1.77661
17 9.08189 42.8549 1.77661
18 -17.0619 13.1527 -3.13365
19 26.802 35.9333 1.03275
20 -18.0012 -3.69777 -2.63252
21 -0.896218 -21.1975 -1.71767
22 7.03792 -22.9604 -1.53075
23 -22.1075 17.4192 2.66752
24 35.484 14.4332 0.401628
25 26.9585 36.7578 1.03211
26 -3.5033 -14.429 -2.02497
27 -1.53047 -20.0669 -1.71767
28 -3.36785 41.9042 1.85395
29 -1.75459 -20.5703 -1.71767
30 35.0867 -6.09751 -0.689808
31 34.8563 14.7212 0.401628
32 -20.2783 21.0103 2.63999
33 -9.13013 -6.31389 -2.17338
34 -23.0147 11.27 2.69836
35 -12.1934 2.36799 -2.63365
36 26.1564 37.025 1.03218
37 26.8717 37.5047 1.03182
38 28.4629 38.6255 1.03142
39 15.7488 41.1985 1.29527
40 -2.66181 41.8731 1.85395
41 5.46842 -18.7358 -1.61726
42 -4.23141 -13.4236 -2.02497
43 -9.38583 -6.65424 -2.17338
44 26.1865 37.9793 1.032
45 15.9553 40.8647 1.29527
46 23.1414 34.3925 1.09642
47 15.6794 27.6017 1.39217
48 3.06895 29.6252 2.24929
49 9.08182 42.8702 1.77661
50 6.30425 -24.3502 -1.53075
51 27.5877 37.92 1.0316
52 9.49745 43.276 1.77661
53 -2.18231 43.9088 1.845
54 27.7677 37.7466 1.0316
55 -12.0242 2.95362 -2.63365
56 21.3591 -20.0804 -1.5126
57 27.9511 37.8428 1.03152
58 10.1628 43.3356 1.77661
59 -1.52199 -21.4953 -1.71767
60 -3.13364 -13.2995 -2.02497
61 -17.1318 12.4803 -3.13365
62 -22.0146 18.3424 2.66752
63 25.9702 36.09 1.03271
64 24.1309 34.4676 1.09642
65 -2.92888 -13.9552 -2.02497
66 -20.8542 33.0008 2.58822
67 -21.2563 17.77 2.66752
68 -2.42517 -13.6464 -2.02497
69 6.56962 -22.9608 -1.53075
70 6.01166 -23.449 -1.53075
71 -1.91982 40.9239 1.85399
72 15.2702 25.9519 1.39217
73 -0.892779 -20.6807 -1.71767
74 34.9779 15.0128 0.401628
75 -9.60817 -5.3237 -2.17338
76 14.6398 27.6473 1.39217
77 -1.23767 -21.5945 -1.71767
78 -9.19172 37.4579 1.97642
79 -9.71354 36.9822 1.97642
80 26.096 35.3097 1.03299
81 35.8786 14.6451 0.401628
82 9.93324 42.4775 1.77661
83 25.4355 35.0198 1.03318
84 14.1802 26.8536 1.39217
85 -9.3495 -5.41775 -2.17338
86 27.1878 38.4302 1.03159
87 15.4843 27.8838 1.39217
88 5.59396 -17.7756 -1.61726
89 -19.7933 20.9869 2.63999
90 40.6237 25.8295 0.595294
91 -3.49311 40.6351 1.85396
92 5.50637 -18.2699 -1.61726
93 -9.78707 36.9967 1.97642
94 4.79031 -18.2996 -1.61726
95 -4.17564 41.7363 1.85394
96 -2.50222 40.7747 1.85398
97 27.4581 35.2559 1.0329
98 -3.81878 -13.6556 -2.02497
99 -2.79289 43.2624 1.845
