100
Particles
0 -10.0801 -23.9787 -2.02497
1 57.4909 10.598 0.191521
2 58.9153 15.1155 -0.0482543
3 -21.0612 32.8444 2.70934
4 17.4094 39.4114 1.39217
5 -8.43466 -24.7703 -2.02497
6 -8.94972 -24.856 -2.02497
7 17.1414 39.8294 1.39217
8 -15.9851 -16.1552 -2.17338
9 -7.10416 54.309 1.85396
10 34.4204 47.9287 1.03203
11 5.53989 -30.4374 -1.61726
12 17.4636 39.943 1.39217
13 -6.62616 53.2292 1.85396
14 18.017 39.3488 1.39217
15 18.3154 53.3503 1.29527
16 7.25569 55.3679 1.77661
17 6.47631 55.3358 1.77661
18 -29.8115 13.0514 -3.13365
19 33.342 46.8782 1.03204
20 -29.1344 -9.91174 -2.63252
21 -2.76216 -33.8102 -1.71767
22 7.54835 -35.7001 -1.53075
23 -33.4513 23.2398 2.66752
24 47.2195 19.4174 0.401628
25 33.5 47.7018 1.03204
26 -9.09698 -25.8865 -2.02497
27 -3.39641 -32.6797 -1.71767
28 -6.93006 54.1465 1.85396
29 -3.62053 -33.1831 -1.71767
30 44.9216 -14.2115 -0.689808
31 46.5917 19.7054 0.401628
32 -31.4577 27.1409 2.63999
33 -16.3565 -16.8183 -2.17338
34 -34.5327 16.738 2.69836
35 -23.3337 -3.83333 -2.63365
36 32.6978 47.9691 1.03204
37 33.4138 48.4483 1.03203
38 35.006 49.5685 1.03203
39 19.2175 53.4676 1.29527
40 -6.22402 54.1154 1.85396
41 4.87617 -31.472 -1.61726
42 -9.82509 -24.881 -2.02497
43 -16.6122 -17.1586 -2.17338
44 32.7283 48.9231 1.03203
45 19.4239 53.1338 1.29527
46 28.9654 45.7346 1.09642
47 17.9448 40.1488 1.39217
48 -4.93317 39.5513 2.24929
49 6.47624 55.3512 1.77661
50 6.81468 -37.09 -1.53075
51 34.1304 48.8633 1.03203
52 6.89187 55.757 1.77661
53 -5.63472 56.1825 1.845
54 34.3104 48.6899 1.03203
55 -23.1645 -3.2477 -2.63365
56 22.1007 -32.8088 -1.5126
57 34.4939 48.786 1.03203
58 7.55722 55.8166 1.77661
59 -3.38793 -34.1081 -1.71767
60 -8.72732 -24.7569 -2.02497
61 -29.8814 12.379 -3.13365
62 -33.3585 24.1629 2.66752
63 32.5103 47.0349 1.03204
64 29.9549 45.8097 1.09642
65 -8.52256 -25.4126 -2.02497
66 -31.7013 39.7017 2.58822
67 -32.6002 23.5905 2.66752
68 -8.01885 -25.1038 -2.02497
69 7.08005 -35.7006 -1.53075
70 6.52209 -36.1888 -1.53075
71 -5.48209 53.1662 1.85396
72 17.5356 38.499 1.39217
73 -2.75872 -33.2934 -1.71767
74 46.7133 19.997 0.401628
75 -16.8346 -15.8281 -2.17338
76 16.9052 40.1944 1.39217
77 -3.10361 -34.2072 -1.71767
78 -14.2227 49.1734 1.97642
79 -14.7446 48.6976 1.97642
80 32.6354 46.2549 1.03205
81 47.6141 19.6293 0.401628
82 7.32767 54.9584 1.77661
83 31.9745 45.9653 1.03205
84 16.4456 39.4007 1.39217
85 -16.5759 -15.9221 -2.17338
86 33.7306 49.3735 1.03203
87 17.7497 40.431 1.39217
88 5.00171 -30.5118 -1.61726
89 -30.9727 27.1176 2.63999
90 51.1805 32.9791 0.595294
91 -7.05534 52.8773 1.85396
92 4.91413 -31.0062 -1.61726
93 -14.8181 48.7121 1.97642
94 4.19806 -31.0358 -1.61726
95 -7.73784 53.9786 1.85396
96 -6.06447 53.0169 1.85396
97 33.9978 46.201 1.03205
98 -9.41247 -25.1131 -2.02497
99 -6.2453 55.5361 1.845
