100
Particles
0 9.69191 7.01828 -1.88533
1 13.1273 18.8566 2.13072
2 14.9141 3.50457 -2.31939
3 7.62724 4.05064 -2.76589
4 11.161 7.94521 2.26432
5 6.26418 13.9214 -1.21625
6 1.32605 3.67112 -0.30707
7 12.7613 20.9013 1.65033
8 9.94574 7.48092 -1.44655
9 10.4722 3.90178 3.0617
10 10.3462 2.30016 2.95697
11 9.67887 19.9727 -1.82975
12 8.23471 17.9442 -1.91819
13 15.1909 2.36323 -0.254707
14 3.99258 17.1573 0.4716
15 20.7843 16.3514 0.196053
16 4.71093 4.80403 3.0784
17 16.3259 14.8156 2.17659
18 0.0874856 16.8557 2.64808
19 11.7095 9.27925 2.35232
20 5.31989 6.62324 -2.0773
21 19.1881 18.5858 -2.52609
22 15.0329 11.9711 1.31114
23 7.15194 5.20123 1.68856
24 -0.411265 9.37586 0.896593
25 5.16074 7.91131 -1.50842
26 2.27656 10.4148 -1.90992
27 16.912 13.342 0.492167
28 14.5074 6.32621 -1.55374
29 1.09139 12.6915 -2.30039
30 11.6095 8.46616 -1.08571
31 1.65661 8.42049 -1.10164
32 8.88124 10.2729 1.59766
33 8.3443 19.5792 0.589316
34 13.8176 15.3501 -0.633246
35 -0.0701138 5.61389 -2.55892
36 19.8174 7.33638 -1.60347
37 11.4103 19.1441 0.694671
38 4.81769 4.42685 1.09974
39 4.17428 11.7155 1.45785
40 3.808 19.0557 -2.12214
41 18.2108 1.35261 -0.72946
42 10.9247 10.0997 -2.71395
43 2.7992 11.1234 -0.0736979
44 16.7437 6.10476 -0.294308
45 2.57996 7.79219 0.136805
46 10.5996 6.60742 -1.14294
47 10.2794 16.2552 -1.34703
48 6.09829 17.8015 -1.46239
49 18.5563 6.31997 -1.02143
50 13.5019 5.41992 -2.14017
51 8.92346 2.10714 0.161167
52 1.01945 19.7778 0.788323
53 4.02003 16.1092 -2.96853
54 6.15378 20.4739 0.274248
55 5.50653 8.19621 1.21145
56 9.15618 10.3795 -2.15714
57 11.1863 14.9701 1.65491
58 12.8338 6.76904 -2.26651
59 13.6061 17.9353 -0.821733
60 10.6183 19.6167 -1.685
61 11.8447 12.0782 0.416035
62 5.00564 4.06579 -1.58227
63 1.8109 9.01848 0.57277
64 13.0885 8.71663 -2.2807
65 12.1231 17.0875 -0.467324
66 14.3345 14.1411 -1.29669
67 12.1663 7.70173 0.669266
68 14.9145 15.0972 -2.72856
69 11.0715 16.541 0.0542833
70 17.2507 20.5142 -2.59814
71 17.5844 10.0113 -0.637533
72 14.2771 18.5164 -0.796624
73 6.33242 16.8336 -2.26454
74 18.6115 6.41123 1.66947
75 5.2061 4.83646 2.38075
76 8.50659 2.91553 0.763248
77 8.62844 14.9058 -0.79267
78 8.71357 15.4817 -1.47324
79 3.49781 18.778 -0.270443
80 15.8323 13.3763 -2.91909
81 6.78389 11.1522 -2.244
82 5.43832 13.923 0.0184786
83 1.33462 4.64287 -1.32529
84 6.99384 5.9883 1.57361
85 10.2092 2.38789 -2.92705
86 1.12013 6.6991 -2.64704
87 13.912 4.12241 2.93583
88 14.4691 15.2572 -2.858
89 10.2911 8.36271 -1.26181
90 17.4307 6.11053 -0.469842
91 6.17771 11.2126 2.66945
92 17.2296 10.3466 -1.595
93 12.9122 10.9088 2.78169
94 3.47911 5.93586 -0.174094
95 15.0567 7.1123 -2.86225
96 9.23124 -0.126506 0.739028
97 6.33729 0.602436 1.19318
98 9.77788 20.6337 0.560138
99 13.8851 8.02241 1.64463
