100
Particles
0 -6.67999 -17.0144 -2.02497
1 49.8826 9.12278 0.191521
2 51.1743 15.4893 -0.0482543
3 -14.024 29.5978 2.70934
4 16.0324 31.7848 1.39217
5 -5.03458 -17.806 -2.02497
6 -5.54964 -17.8917 -2.02497
7 15.7644 32.2027 1.39217
8 -11.5926 -9.77019 -2.17338
9 -4.93889 46.8676 1.85395
10 30.444 41.2766 1.03197
11 5.89989 -22.6957 -1.61726
12 16.0866 32.3163 1.39217
13 -4.46089 45.7878 1.85396
14 16.64 31.7221 1.39217
15 16.2069 45.8927 1.29527
16 8.83947 47.7815 1.77661
17 8.0601 47.7494 1.77661
18 -22.0618 13.113 -3.13365
19 29.366 40.2258 1.03216
20 -22.3671 -6.13462 -2.63252
21 -1.62796 -26.1437 -1.71767
22 7.23809 -27.9563 -1.53075
23 -26.556 19.7018 2.66752
24 40.0862 16.3878 0.401628
25 29.5237 41.0496 1.03205
26 -5.6969 -18.9222 -2.02497
27 -2.26222 -25.0131 -1.71767
28 -4.76479 46.7051 1.85395
29 -2.48633 -25.5165 -1.71767
30 38.9435 -9.27945 -0.689808
31 39.4584 16.6758 0.401628
32 -24.6624 23.4144 2.63999
33 -11.964 -10.4333 -2.17338
34 -27.5316 13.4143 2.69836
35 -16.5622 -0.0638975 -2.63365
36 28.7215 41.3169 1.03206
37 29.4374 41.7962 1.032
38 31.0294 42.9165 1.03193
39 17.109 46.0099 1.29527
40 -4.05875 46.674 1.85395
41 5.23616 -23.7304 -1.61726
42 -6.42501 -17.9167 -2.02497
43 -12.2197 -10.7736 -2.17338
44 28.752 42.2709 1.03203
45 17.3155 45.6761 1.29527
46 25.4253 38.8404 1.09642
47 16.5678 32.5221 1.39217
48 -0.0691398 33.5178 2.24929
49 8.06002 47.7647 1.77661
50 6.50442 -29.3462 -1.53075
51 30.1539 42.2113 1.03196
52 8.47565 48.1705 1.77661
53 -3.5362 48.722 1.845
54 30.3339 42.0378 1.03196
55 -16.3929 0.521727 -2.63365
56 21.6499 -25.0719 -1.5126
57 30.5174 42.134 1.03195
58 9.14101 48.2301 1.77661
59 -2.25373 -26.4415 -1.71767
60 -5.32724 -17.7926 -2.02497
61 -22.1316 12.4406 -3.13365
62 -26.4632 20.625 2.66752
63 28.5343 40.3825 1.03215
64 26.4149 38.9155 1.09642
65 -5.12248 -18.4483 -2.02497
66 -25.108 35.6286 2.58822
67 -25.7049 20.0525 2.66752
68 -4.61877 -18.1395 -2.02497
69 6.76979 -27.9568 -1.53075
70 6.21183 -28.445 -1.53075
71 -3.31681 45.7248 1.85396
72 16.1586 30.8723 1.39217
73 -1.62452 -25.6268 -1.71767
74 39.58 16.9674 0.401628
75 -12.4421 -9.44306 -2.17338
76 15.5282 32.5677 1.39217
77 -1.96941 -26.5407 -1.71767
78 -11.1647 42.0522 1.97642
79 -11.6865 41.5765 1.97642
80 28.6595 39.6025 1.0322
81 40.4808 16.5997 0.401628
82 8.91145 47.372 1.77661
83 27.9986 39.3129 1.03224
84 15.0686 31.774 1.39217
85 -12.1834 -9.53711 -2.17338
86 29.7541 42.7214 1.03196
87 16.3727 32.8043 1.39217
88 5.3617 -22.7702 -1.61726
89 -24.1774 23.3911 2.63999
90 44.7636 28.6332 0.595294
91 -4.89007 45.4359 1.85396
92 5.27412 -23.2645 -1.61726
93 -11.76 41.591 1.97642
94 4.55805 -23.2942 -1.61726
95 -5.57257 46.5372 1.85395
96 -3.8992 45.5755 1.85396
97 30.0218 39.5486 1.03219
98 -6.01238 -18.1488 -2.02497
99 -4.14677 48.0756 1.845
