100
Particles
0 -14.6866 -33.4143 -2.02497
1 67.7989 12.5967 0.191521
2 69.4031 14.609 -0.0482543
3 -30.5955 37.243 2.70934
4 19.275 49.7444 1.39217
5 -13.0412 -34.2059 -2.02497
6 -13.5563 -34.2916 -2.02497
7 19.007 50.1623 1.39217
8 -21.9363 -24.8058 -2.17338
9 -10.0378 64.3909 1.85396
10 39.8077 56.9413 1.03203
11 5.05216 -40.926 -1.61726
12 19.3292 50.2759 1.39217
13 -9.55975 63.311 1.85396
14 19.8826 49.6817 1.39217
15 21.1719 63.4543 1.29527
16 5.10992 65.6463 1.77661
17 4.33055 65.6142 1.77661
18 -40.3112 12.968 -3.13365
19 38.7293 55.8908 1.03204
20 -38.303 -15.0291 -2.63252
21 -4.29882 -44.1972 -1.71767
22 7.9687 -46.1917 -1.53075
23 -42.7934 28.0332 2.66752
24 56.8839 23.5221 0.401628
25 38.8873 56.7144 1.03204
26 -13.7035 -35.322 -2.02497
27 -4.93307 -43.0666 -1.71767
28 -9.86366 64.2283 1.85396
29 -5.15718 -43.57 -1.71767
30 53.021 -20.8935 -0.689808
31 56.2562 23.81 0.401628
32 -40.6642 32.1897 2.63999
33 -22.3077 -25.4689 -2.17338
34 -44.0181 21.241 2.69836
35 -32.5081 -8.9403 -2.63365
36 38.085 56.9818 1.03204
37 38.8011 57.461 1.03203
38 40.3933 58.5812 1.03203
39 22.074 63.5715 1.29527
40 -9.15762 64.1972 1.85396
41 4.38844 -41.9607 -1.61726
42 -14.4317 -34.3166 -2.02497
43 -22.5634 -25.8093 -2.17338
44 38.1156 57.9357 1.03204
45 22.2805 63.2378 1.29527
46 33.7616 55.0752 1.09642
47 19.8105 50.4817 1.39217
48 -11.5232 47.7258 2.24929
49 4.33047 65.6296 1.77661
50 7.23503 -47.5816 -1.53075
51 39.5177 57.8759 1.03203
52 4.7461 66.0354 1.77661
53 -8.47788 66.2902 1.845
54 39.6977 57.7025 1.03203
55 -32.3388 -8.35467 -2.63365
56 22.7115 -43.291 -1.5126
57 39.8812 57.7986 1.03203
58 5.41145 66.095 1.77661
59 -4.92459 -44.495 -1.71767
60 -13.3339 -34.1925 -2.02497
61 -40.3811 12.2956 -3.13365
62 -42.7005 28.9564 2.66752
63 37.8976 56.0475 1.03204
64 34.7512 55.1503 1.09642
65 -13.1291 -34.8482 -2.02497
66 -40.6343 45.2201 2.58822
67 -41.9422 28.3839 2.66752
68 -12.6254 -34.5394 -2.02497
69 7.5004 -46.1921 -1.53075
70 6.94244 -46.6804 -1.53075
71 -8.41568 63.248 1.85396
72 19.4013 48.8319 1.39217
73 -4.29538 -43.6803 -1.71767
74 56.3778 24.1016 0.401628
75 -22.7857 -24.4787 -2.17338
76 18.7708 50.5274 1.39217
77 -4.64027 -44.5942 -1.71767
78 -18.3659 58.8214 1.97642
79 -18.8878 58.3456 1.97642
80 38.0227 55.2675 1.03204
81 57.2785 23.734 0.401628
82 5.1819 65.2368 1.77661
83 37.3618 54.978 1.03204
84 18.3112 49.7336 1.39217
85 -22.5271 -24.5728 -2.17338
86 39.1178 58.3861 1.03203
87 19.6153 50.7639 1.39217
88 4.51398 -41.0005 -1.61726
89 -40.1792 32.1663 2.63999
90 59.8743 38.867 0.595294
91 -9.98894 62.9592 1.85396
92 4.4264 -41.4948 -1.61726
93 -18.9613 58.3601 1.97642
94 3.71033 -41.5245 -1.61726
95 -10.6714 64.0604 1.85396
96 -8.99807 63.0988 1.85396
97 39.385 55.2136 1.03204
98 -14.019 -34.5486 -2.02497
99 -9.08846 65.6438 1.845
